140254
1236860
338948436
152508
2547643
145641
377687879
1298370
153153
2603247
5827522
339188
170641
305704494
7444
405688
3246442
77601
1227148
423889907
142182
3578391
2598492
2947194
153726
132471
148732
136109
1761580
148858
3355625
115219
2139539
1400916
43981
1400966
192820
172685
153824
88065
156041
3716089
1084091
7453
542793
3240919
2954314
1246084
1240076
166728
180038
237599
372628
161644
2930613
148017
542630
2713484
1395450
532299
61911
2032127
1506352
3000952
1411878
162030
1169695
1145310
1620857
104346
3321966
113994
148018
913094
1282148
281669
3009290
1158716
1255159
1456846
423229
57818
139247
415673
54921
3357549
122783
224126
1667671370
130957
86609
936631
192799
104184
30114131
1152558
377000
139774
153725
30113748
1780606
74791
1549133
2652254
2581505
224458
113132
386524
2426403
133890997
454863
911943
1539378
3161030
964945
1167738
1265384
4266962
147096
1528297
1161610
2667416
44534
1156523
139636
20975578
1346246
2644341
1440895
3009732
302247
134086
1149571
1287436
2616593
1205376
1162686
2200642
115074
122880
2689445
30114701
1405825
8087537
1014017
2524354
132596
151120
44116
2008039
30113768
289278186
963194
30113987
1170033
2733913
113423
1602916021
2917918
152155
3173790
87256
147107
58392
541644
30115253
119593162
30114658
3045482
1430467
3030295
1861313
1567612
30113848
271235
3007324
289278185
125624
1107270
36473
2146238
906667
399315
1332269
103625
75457
2679672
129842
1029505
7413
955078
59162
1631531
370329200
122383
4353359686
5827798
453029
112859
1402709
223181435
2917332
153688
373171673
88850
1550548
358290
144399
6838539
915609
1230279
126936
456788
2958045
57988
7450
386634
92954
114373
1634158
349011
132580
55431
240078045
1775163
3818838
1720064
8652
152526
140210
43392
151839
1539376
1467284653
2000517
140800
146134
1111783
3014991
156094
191528
27558697
7440
2907540
1163588
470285642
46663
123419
114366
569467
70411
138498
185686
152522
112864
87644
1059685
2537069583
1828369
1773874
1529753
126356
161016
4072985
55594
153118
869576948
2949504
1171103
2739224
2242821243
1163641
1700315
145394
2701130
3235010
104362
7465
1859509
2369444
120312
3006416
2226932
444902
1385652
122702
602512999
149602
89468
3248249
3007562
305639710
287191570
288741
3256164
21627771
3020879
908171
453037
1335880
4346467922
55195
297514
43989
2147147
367988
30115366
106499
74011
2621533
126386
287667
44624
279349
2609176
2652225326
1582777
44741
947079
75628
59840
2423709
148691
44301
1245052
30113999
47202
180049
1658155
2317350
140202
149995
116558
163601
105086
1686631
152523
2012279
87232
1230360
555017
113627
4346459678
1070785
43648
305639193
296584
1376760
102875
1103196
138494
1814337
525562
173351
129851
2729631
3992237
420467
26640
2917186
102646
152994
44279
3019384
3676707
136669
1959489
3256329
133861
97213
453060
1770805
456981
1700316
75456
55874
240058050
359397
7108941
348905
253832
1506532
1889154
571502
2153698
3218804
270075
130072484
113059
139676
2799538
3161299
108850
135605
145495
2947032
143490
81678
126232
403821
1141865
402629
113078
2094154
3344430
2307208
130072480
3936841
1410959
74719
3087994
120237
401291
56255
2962146
3354571
3489649
2690216
1945986
935000
178747
1149571
178388
2723341
132428
7438
454703
154056
1281123
1172003
1401992
1414369
30115261
88626
1513151
77737
1159758
30114420
7413
359385
1265392
1159669
30114374
106255
550366
949548
55244
3358712
30115191
1166327
37775
154485
1376491
140024
2960947
130827
3354222
73976
43740
55841
940034
1404741
1153106
152313
55648
1120586
80001310
2313738
89772
137776728
935818
43088
146706
418795
138675
3331103
4346347855
2361275
1141529
1804202
287952
3244962
4189298057
168023
2317367
41038
132373
139774
74037
1359191
161645
154109
4103403
2242101
155018
88607
1314593
1960191
152684
2529848
74171
107028
166718
123265
129820
172189
124785
1076957
419038
379558
3330421
1435635
2268403
162030
135484
956768
3018574
1456993
125445
1235082
140120
532235
457016
1206421
949444
115168
374804
3174782
2139059
2956062
1013583
1444344
1440785
1334134
2460536
1861519
1903472
125624
550119
89780
30114420
1673886
399606
1609825
151234
111177
3087994
318585199
139236
364078
413138
146217
130971
130438
2897222
145153
812071
1614022
3679903
1164628
3163135
2690110
120741
1223833
275241
91203
145805
53296
148730
131020
152511
74004
536461
1440786
145111
59962469
1606296
158412
1780612
132328
2772861
4446212
3357220
2961415
113764
113072
2607196
1145310
26555690
3007981
3013630
1470528
155550
30114342
941553
1721119244
153667
2842410
7427
2247233
812420
3781238
145150
1357420
912203
1107270
2554066
3016973
1283513
89586
146216
911245
147873
69182
130430
157537
56245
125267
7398
437002
57516
2242821241
2862866
169034
173882971
62372
1283514
107276
2671314
1225057
3273271
402272
252531
2850417
113041
1337397
1076898
3202711
156415
136454444
43304
144408
3781314
939941
126509
3099592097
1704261
280624
2274092
3011922
55147
2106909
1552186
1438758
6599336
3045921
2956538
912095
120565105
1307611
1249888
2202244
1299572
177290
1077290
166760
201138655
1152643
6105779
125418
1747944
115997
136430
69340
58652
58145
1984387
150372
120237
147303
3139758
180030
113116
1354695
1686359
113066
116497
55208
1874846
110126
166356
3009396
3007853
2690184
132568
6502363
3227127
3156234
126439
1162541
59760
1272374
166329
367816
360106
2601541
130978
184476
253985
280215
2725669
387079
1240081
902262
3344271
2678074
2656649
122736
228340
3321292
401303
1584418
1861519
30114262
139588
2372927929
5646601
30115296
1106399
3013594
158992
35998895
192786
240120731
2084441
1987516
154605
44071
2307768
113074
305704371
112100
357764
2146999
161213
58188
154109
2200824
71971
125256
279345
940074
124642
1152992
1672622
3010763
2948831
128193
123319
1287921
305099
74131
406170
401444978
390840
169024
2316594
44834
4447293
3347385
92039
1004330
410246
74000
835537475
1342815
62634
1060184
363446
72380
3774673
399663
532298
3204234
949522007
2652225342
387147
3247462
2956612
1403897
1259550
4703444597
547594701
45049
149375
124654
280582
141456
2953012
1224468
1340510
245589078
2948831
43374
2755967
163587
95121688
1109852
2697733
2953281
140029
89396
62504
1458057
382313
130072484
1224252
42153
3018956
1155339
271514
280382
146217
30114144
536120
180045
3007932
167659
2091486
1390434
107358036
1334017
44667
1014412
1404338
249420393
911091
418670
1993561
142032
1611117
1223742
149028
1216468
2139059
2432314
952250
1169831
444138
92948
27332
342457
543082
104915
383903
3011925
1298100
88605
81996
109752
953150
3204238
147896
30114034
1142933
157753
142152
152410
30114147
91738
893364560
26103519
1573343
155021
88639
3210999
88638
1359754
56085
357819
1107261
111362
74496
89567
3774668
126515
113025
1283514
395862
305640123
153687
1383665
148687
114351
1269374
381050
2615004
387146
2608284
27334
147906
1435836
154226
305704517
897467
185716
141933
276939493
346317
2658710
1107355
1825877
2529884
192822
1553309
172601
5740663
1080399
2950752
145728
1106291
135802
129575
55077
306394524
1362148
916164
30115035
391154
1411514
147959
30114922
145597
305276
2032837
1611174
2077868
30115180
1168356
1130964
30114847
108393822
1812891
240047795
1083146
453025
149025
105274
3030295
2961445
240078045
44830
933175
2185077
1204639
7426
365930
2439316
85606
444286059
25340549
2723342
1082276
1066683
2723262
150948
4351323483
24535523
2622011
171960
1129647
2012326
2388356
3354958
305640292
87665
384005
79186
3061161
349027
567535537
149430
173016325
965776
1776966
116871
1400916
1856903
2113725
87241
153143
171960
910564
280172
3679338874
30114339
104307611
41038
911432
279345
192824
1999150
398667
2743698
1398615
3087985
325866
3226004
2127359
152529
3318889
131304
287201264
1824937
162617
2740085
2697338
43336
438171
1121071
1812364
2317329
30115303
130452
367800
30114406
146212
1982735
2418301
1252520
45008
1312553
1923997
6328810
3009257
113020
412672
1162552
279361
139264
138958
1131944
3243841
444286399
1875886
2885329
453043
172207
286396
2464571
2032148
280489
2548588
2429244
23074725
3581398
55453
175031
3296957
1347672
374773
313466923
142020
1166394
321516868
1140179
2692254
3331768
111768
184489
1205378
1016001
47608
383894
107423527
1232838
152897
114690
1776249
192801
233077
1156071
2416973
2439882
1111143
1112950
2206032
56331
75568
536469
30114704
115152
339631
152302
1997192
139236
1973199
1398534
1669024
55289
183749
3797244
152767
117884
1354695
131293
58686
2340636
2927776
1153082
1670953
36458
166309
4583292
2959850
56365
3009719
531449
443174
145500
1322935
30114834
30114358
125323
184460
3158102
27513227
4189263789
109657
83089
52302
2957782
416648
3061830
139560
2079600
1106396
1574364
2623155
1411877
2652225336
106665
3350102
145224
1529146
185383
53825
1777255
126573
1083010
1165697
3495542
1342039
131802
371816372
1430330
2562137
1453577
279206
3007393
6837680
55712
1360062
2451622
1589521
1348560
1394705
113994
94128
1375039
2146232
1466455
1812976
55054
2755966
1083334
156990
1156582
1074262
3321928
153499
1167815
1947385
2436519
269923
104331
1478311
372165
344613
1924172
3154366
533768
122907
6041206
454617
270056
88826
392882
835537512
133890997
2915703
2016013
215693
5404608
404810
1614795
158783
531300
153740
122736
393244
135583
2484839
30115117
111177
177923
444286059
2729237
1792587
341906
138856
1203087
153835
2989318
75461
7420
3071297
3765591
90757
145816
287205739
1629622
168245
79147
142714
3009296
86720
2180609
2691151
305704540
150417
278693
146806
145625
44389
1772521
3240420
284014
2918483
2637326
2622912
1159670
296057
2544170644
1417805
406830
2947170
571980
145978
2194745
108636
62713
305704496
2444027
2522301
62611
306394548
933201
44143
935299
250255750
380810
40857
1270587
55948
1383413
117634
163314263
447972
147348
364079
4583125
34106034
1420923
3316004
1903477
161217
3987743
149689
56109
122424
58175
68743
1111172
1421562
913011
420679
399320
129839
126536
139780
3349182
936555
2955019
357714
2415761
1153072
2574479
87644
869508901
62581
1209609
53835
127536
30113941
77631
2225912
3085409
171496
152983
30113780
3220685
180442
52302
2756044
85939
30114416
79050
3501836
2135921
2754345
2196135
3010736
3016973
149182
3161299
3291115
3246441
1529748
912998
154547
1361999
286830
147174
1211875
131013
3285256
164191656
1206426
370476571
4703444624
94401
359397
305640275
1187159
2787563
178750
963043
1206388
120328
116875
147953
2930613
30114987
153838
3044656
75801
55077
153725
2917182
2689691
7445
1450058
954532
3252401
2672050
3158106
228340
2032132
2371066
90745
1985722
57960
970000
215334
2536266
5672361
119867
5815683
346956
2773267
30114236
154350
960223
395838
2317346
358563
125450
2621513
62745
447862
56253
88610
103232
113085
158403
43399
2371093
356532
4346341650
2184233
145628
155018
2418454
37332618
1359134
4670891
900260
2725668
3355625
835537475
2622295
1662267
73964
156924951
110397147
1377054
387010
106759
1019750
1735473
5835475
1149250
547594701
3162738
2524354
2620548
1230779
112653
440910
2667594
1826208
1140793
1380268
2811585
27852583
1225483
418667
399331
43944
1255237
111748
562654
2264749
902066
52373
30114042
1279488
124479
540553503
4631017
88825
546928
140495
438934
1640521
960172
161652
5746665
270094
7117066
125167
122907
123292
152114
1664272
4703402617
74038
1271150
371700506
138196
6788792
139800
102269
272939
55828
1340509
2804671
2599984
99661654
121739
3019984
158898
658312593
2670059
1986545
1288755
146661
131027
1328229
52399
2811223
30114959
400504
1348650
117852
3359862
2865045
139534
139569
44200
70070
1350351
30113908
1153106
1066589
1223658
2721274
2084698
2720007
1224468
339120
88623
971033
162378
3395130
4353323820
1189872
139672
240102654
321516867
1169834
133344
2968615939
296003
1506605
111608
1166204
123824
171957
453032
1771194
68325182
122695
3601234
1016597
854798
53428
3357552
2994534
2366987
55726
2951136
2723263
80483
1547308
2952864
453034
368068
1164698
1396125
132492
965625
3308101
139371
147221
1304307
125605
1675657
8641
44959
1107709
947010
30115120
27020
279279
124272
1553160
536807
4629949172
1623248
2652225275
3340118
231974107
305704573
43088
1253042
1569705
3216603
556075
1120575
1179646
1111783
161652
78763
3215936
402751
1204639
30114400
167728
114148
532353
2428833
56839
2444605
2953357
44957
72196
44189
1154756
44182
2825421
3013328
2438128
296083
130935
1245011
130975
3728411
120881
2370146
1223671
1273067
7485368
6328810
120136
92955
123708
1402733
172565
948212
238392
103235
1324150
307584
2372908507
125418
1605981
3018214
1870135
2758328
145113
200036488
2420755
147923
149192
2192928
6898087
30115207
2598244
2815619
161957
957378
3011848
367800
399633
142047
131000
3006416
155036
1411147
2046325
2607803
2106627
933201
161950
1410142
941543
7168979
1947466
3011446
535774
1381350
52371
157539
541644
280404
172676
62512
1379512
536123
2084718
140086
241073
1029020
190262
1149571
2804765
4629911078
3238904
120327
103599
532308
897671
1530466
62518
508103295
137776727
154501
1707821
2622229
43648
1444234
1206591
75140
139133
1107722
30114412
906486
282427
74150
2652225306
53418
1270750
399586
113085
30115025
1223664
3544925
1952114
270054
1206570
74542
145114
126401
240071747
60199
1707715
1771718
56093
534506
963639
30115050
280406
1187384
1650684518
1339776
103856
154061
153125
2952127
453060
124907
121862
1424216
1083121
45078
58390
30113903
2248675
2705262
1339776
140798
2234010
139530
3359727
129331
140129
1965257
3012849
152527
932949
155946
1269513
287078257
154186
2355168
3020761
55074
6899079
1531676
155563
941544
2897218
113100
132376
1631524
146357
1413934
2632572
1107263
88812
2616335
4610935
3019357
3072152
1102488
3728411
53805
958128
556073
69934
1078988
2550936
1767434
123314
30115133
149342
1214215
139371
3009348
139155
3287561
302696627
172597
1397180
3230456
2145736
54781
2276846
106707
1427551
1302682
3337389
190823
3295975
123845821
14394839
1173666
33120283
1170522
168240
16174445
151227
3328259
2609176
122962
1354299
151079
387147
179053882
398932
359566
185384
124969
108640
58114
2080103
2949504
3350102
152529
1231459
138496
3019504
1421537
228426
120288
2614074
409122
105389
4703402617
1550595
280512
552254
30114796
89254
158079
139163
1405780
184468
168953
30114530
147924
2155862
2506300
2176035
2798353
153925
940137
1107724
1999345
2578206
74112
1427933
1768874
202905256
3154366
122690
1854763
1426902
139269
43669
1399708
1086607
159868003
154485
1140181
168239
1395126
161095
536473
3119340
124900
153801
911957
1193777
2528134
150869
295442
51701
2468223
127309
2657330
122801
3256329
2415687
2497864
2032728
144782
146055
150423
28699
1966810
88600
410179
812190
114942
386528
52398
152615
1676654
2793216
2690188
401269
438171
2340636
2545873
149727
255388
2089711
156575
2094154
180029
955091
532306
1437268
1231310
2332912
3246429
4496068
3213271
1149250
30114566
1136200
1140611
1477118
1569291
1161682
2873213
1707946
953348
5815554
2952667
1067576
349048
1251745
1475441
179550
952250
75802
166353
1265063
139530
166371
411190
1450058
176173908
147924
142066
152970
44097
69730
3012824
1140176
2954819
1650630003
1145178
3319381
359385
1175376
965617
3775052
1240307
1677007
1374629
547426105
1826208
1777905
3358842
167648
140203
5016646379
361333
7231014
2327259
2444443
152540
904557
1424237
56401
58042
120296
145734
1287607
1259885
1249511
55431
1781845
1164459
2436521
2181889
939914
214665
171496
149727
1158568
910530
7440
304934
1547308
1448559
150527
1243833
62525
493986879
86442
137919
145596
2720417
969362
1475310
202905254
2327992
107358036
120892
153621
3343173
26161363
287098057
3356919
2502662
44884
379558
2548605
452522
75365
3219356
4346252160
946157
1401310
161349
397221
119089556
125528
1355615
167241998
1223665
2074756
75145
184482
241589
1230274
111528
51856
2652225277
3355699
172590
4788255110
342461
148691
1269716
6076060
2652225306
422391
1418659
4343219345
4346461372
1084164
1307025
3290008
280595
139590
721683
3330374
1252134
40784
933173
1874863
1400794
41056
288589
1312767
2445563
105281
1112104
102867
53428
1337397
30114385
935264
131803
153725
4085749
2657332
1924257
58175
139006
161133
153692
536464
146214
54711
2144737
254843
409735
2622912
2665733
1958743
140202
27308486
166309
168183
148359
185497
1720067
184477
133376
2247211
125596
103239
437354
1140870
396482
155497
306394579
1084369
2008026
62782
1171974
1698501
141971
2572311
1675861081
1599299
2016122
2962123
2673801
30757162
1107738
149182
369518
537257
3187765
156177
147911
2528474
2894029
166307
151672
169860
161144
71245
1102312
5740663
1476134
26769661
1850580646
7321165
1118870
3325806
172643
270075
1243070
531426
2545893
4447293
338947993
1640138
74823
3728364
279206
960304
270059
138967
121855
102559
127156
1103088
52395
131254
402751
8656
2460525
74792
4353431093
296301
410608
89697
2742545
1867188
933176
2268403
125596
3298774
47202
3315955
2147227
127536
121739
2951840
142065
138524
3244820
3255223
939924
60244
360098
4353425738
104009
161124
336819
30113908
1392629
147177
906486
124645
2952095
1675701
1137178
531423199
376995
1340048
2366986
2918481
543230
162219
123721
1940191
7439
965756
3239927
375668473
2155847
1809448
31988486
1206591
161379
145571
2032132
1144851
2756708
47046
2850346
154401
1399708
161545
500626384
2444984
315091
380990
1223657
153785
531461
305704381
141912
70038508
28048222
133904
1700330
102268
153614
1704857
138966
1111051
161362
3160959
45024
1553165
1569306
274988
62702
287107774
648753997
2538897
2317362
3326941
1107354
30113818
1116474
30115063
3792878
912201
32894598
1153361
2620548
1278736
1611117
1149575
159051
392340
44949
138995
409305
958638
4344762327
43652
3332997
279192
89047
269890
138356
5815546
3327722
2623804
161438
2023072
3007485
30114722
1664297
166733
399602
85640
145150
3355031
148550
7230738
139154
118870
125472
125239
34105108
80760
153007
2388664
161349
1377708
1274173
447871
1540548
2958382
2143401
88825
3257415
390841
125538
168235
132461
151082728
2873213
90786
357841
1553182
543232
1955241
2429104
412885
152915
78641
2742573
1954942
180045
301542
5646651
2433239
1670717
399750
4353277097
1231749
30114520
1155257
152295
180021
103234
62631
88915
1173304
173299
340746
2252528
2427615
146719
122324
1150955
180049
2952493
1404740
2953111
51701
1433708
7392
148718
55619
103125
1800742
454713
142032
6821104
1225363
1441329
162611
197057157
5740663
71033
113617
140520
59877
1004418
279198
2242916
2948831
113104
377834
400505
44189
2962381
196201771
395658
1107715
2828625
395208
1415909
7105917
453053
2892477
975351
3765596
180022
124618
369709
2550936
2540954
154550
376998
1672801
141970
3624100
2399780
391194
963190
1431209
279201
400504
2773252
2952928
1268584
387290
1179873
141073
103624
3358587
85635
55464
153013
1468001
3013327
1162686
2917305
411298
1066781
122835
192818
1153554
395195
180030
1230716
315173
105269
3226060
1302682
495914621
1078993
7444
126424
3663542
75809
153614
307763
2630152
2713724
3139758
44584
126400
2637790
214557
1647420
138294
2598330
158478
271889
46200
42611
139598
8645
1265373
150415
1152131
180033
186382
153504
6502363
1084793
1224839
2032445
214695
192734
44544
121605
44584
126458
30115304
137556
192775
373174
53835
2793016
1592549
1457344
3725861
1166328
279407
43832
948005
56256
138297
149241
415484
1340048
3353591
2273732
3314342
58028
3357086
153494
140801
139238
371304
59162
1405316
2395674
3006860
531383
2002326
104886
278477461
302588
106995
418692
223617
279202
559621143
358346
3009262
146311
1530466
2073583
903829
7403
131189
400500
145511
1304437
398863
3163068
2545593
1402691
120722
4085749
1103577
381127
154086
30114288
3498055
2806471
114944
2454101
1371397
1457019
1316051
912201
2166181
1420611
1783980
1376279
145113
156605
138518
372201
1224556
2370359
1768874
2538264
5208399
4346376546
909485
5812110
2016159
2918495
298801
146006
2569198
3324274
173882976
383903
305092
935791
360088
87578
1202314
572498
88607
54725
2930667
1444344
1194075612
172162
375668473
1360503
190822
3729343
1602896793
145598
163612
399620
118479
1629948
1120891
189924
1452090
135793
152628
2362670
3087983
151931
153018
3359848
74151
3006802
269535
145529
139231
1243586
2920583
373544
931360
165476
131274
306394564
412941
3792877
124973
303781
1206590
6847723
187397210
2458467
3009719
153458
3007853
2416857
3010028
2649726
3358920
557830
1948243
2767801
4703444590
1158927
55151
1069694
2563285717
94128
2954207
154401
172575
252891
1147213
149436
2225316
58974
141912
552254
2952951
3290521
1940408
2793045
153880
142162
113128
1154548
250255750
1637048
161203
3013037
392915
3295858
140337
1703756
104184
305704492
1467284653
30114762
1379335
3778630
126604
358801
86246
43109
30114708
224459
2882617
104498
115032
2196921
1016597
508103295
191645
1940314
30757162
1430614
170641
341906
86716
2729237
125638
1550564
39727
62411
239499
2316741
55460
2108364
2095619
2958382
27308801
1815260
2304657
60243
2873415
30114539
1107262
1664973
2302270
1812976
1405115
136373
55584
1631524
1694967
1418336
24335529
1107350
113377
146661
39230
195825
1185225
131017
3774669
1275401
1085702
411352
88631
1942587
189975223
1998482875
539051
162061
973320
1513098
30113761
148730
111416
153007
2956062
43902
2116433
6076060
78122
2050919
1441281
30114192
58065
1477892
2805691
1351787
658312593
150545
1701341
1674901
2956927
155891
3600378
1342577
1689073
3329208
1165170
305704560
141971
255554
940138
106783
107231
2442881
7398
2084789
190333
1161681
3333227
145319
1952549
143149
3210999
252551
5811987
2087080
901989
177922
150579
79339
301822
80225
1014425
559621143
1613214
227228
161438
58648
58897
912998
3501836
418077
2740085
45293
76469
3396084
33504
1159665
533989
2906044
3156258
2190572
1171104
3774665
1878378
1357827
1312802
139588
44189
151261
3348644
2952559
147104
1842185
180028
1450080
138496
22975842
142103
131236
3359614
150573
3216213
131840
677412015
2306376
280295
102134242
2939672
550727
2743050
44804
126677
157411
2956538
933173
2992902
55946
1120602
147883
2720006
1348699
155947
1392669
111753
139140
43049
42722
2573366
7442
147915
2873244
953479
1530449
150303
295402
103807
168953
536173
127685
166366
30113927
161101
2313738
3309830
146626
152895
153798
3788485
2674798
3061846
2248737
2825590
119581351
116489
125485
2689445
1120885
2649709
104009
1401321
3319465
135452
3323490
3020470
2268332
99143475
7382
1552532
190359
96905
122888
550372
122724
153472
1346288
131594
349048
206672
188553
551815
1433076
280608
1151579
2168714
2953012
2752842
951350
3020385
2177161
74687
62453
943995
57981
1985998
87632
2953357
2110264
1075002
2240945388
905540
106759
1267725
1901725
1354392
1206612
89467
2753398
55166
2016768
153661
1354660
1166810
97213
153653
145124
402279
367807
335495
305704558
8652
1076992
94401
168244
111016
2021962
349015
2962126
364084
2415687
305704529
172083
359570
1084091
344685
270075
1273056
1682891
1991003
375589
1073990
168650
418673
2252234
31988486
3879783
2483364661
1029554
307763
2084823
228340
106879675
399752
405156
280595
1239809
126356
1362084
55660
3285254
26701367
3240420
900260
3005461
60072
1371399
148071
162635
123510
161709
122843
147902
223621
2316595
398671
1152558
153486
2208031
1643184
41957
2772661
139199
3324375
153011
153438
30115245
30114158
43902
1107423
105089
124829
24517022
357886
2414646
111416
965628
2102318
9122
2837228
26528071
1323588
146668
140125
155510
903230
133375
2313753
116767
122374
1106781
152682
147895
2032728
286837
140488
364086
136400
288760
184482
58894
254046
1077290
1083146
192789
3726170
190869
362658
105279
969479
2862881
2458437
1252134
104048
162221
2146232
2518248
117860
414489
114944
1249525
182130
2304657
56113
1773102
42014
361827
153853
939913
161101
153120
1689066
1161679
2268449
3016468
525562
1928266
3285256
40685503
1491785
2579049678
156283
1347617
55844
1376328
1156585
123302
45401
201138655
913012
158777
1281120
108622
7392435
185490
2755618
964504
144325
1274133
1792515162
180022
1231749
1547430
1970723
44624
161209
410288
2127359
2671914049
125215
30115241
86613
3794726
391561
3006899
153614
438171
162081
934950
1159663
117751
364079
148229
1647567
184225
43087
151108
140032
79480
869576948
286797
1767703
89772
2301986
2413664
159010
1197647
153800
88855
1172003
1859511
1226307
5996485
40767
3342130
2556598
422686
2460536
1162548
276953319
139372
1720055
3332889
134115
3309830
1877236
1151474
131362
145792
935189
1940314
2366863
55867
30114413
305704561
177923
906647
125576
104331
1084793
135602
1243587
2656640
104962
131360
411030
30113940
1616886
2533822
2959307
3995171
1662080
1299601
1353532
2099810
1580331
153339
1629622
1166823
3781418
3899618
2646315
146612
2811754
252477912
124640
2955025
122886481
1438593
1852574
1151563
280177
3338139
197563
120832
87625
448658
1277513
916390
125567
3161319
162402
2082934
2084441
279423
3019384
1106780
470298090
296561
387015
1342037
2180408
3624451
1066683
1771386
1180679
2949504
2032332
73283
153482
399669
1079453
43724
1209614
80001324
361268
2553300
422689
390184
2728590
367078
231960258
2195080
43161
74090
125215
5815715
392340
3204230
30114295
1412715
1707947
410246
88983
2027521
963213
30114724
373174
109657
169860
1761437
3321262
1156112
131037
3917110
145829
3287346
55476
3335520
2000517
30114764
1141681
145133
92031
1815323
398883
167796
2537069583
3899622
133912
816425956
1374523
1077036
139436
2666025
138304
1395476
131429
144336
180033
152519
2371819
124306072
60072
2652225313
1460729
145322
403933146
51800
1449974
62652
324899689
306394513
43446
2952493
3332439
149806
1342041
131833
390214
1824838
170051
280217
1421537
55124
305704505
448653
380050
1790696
2904508
4346271167
185690
161360
25871341
3356956
2772815
1140870
1452202
116488
116498
1550849
339013
168204
959236
55121
155468
2825993
279315
1672515
3013594
2162970
106442
1999252
145207
145329
1616593
26213889
128187
58161
111016
2755965
1060123
3497438
121983
1108113
169021
910219
1107396
152692
3256204
1792386
1465073
3217442
2952177
77189
1684068
414476
114351
95121674
374900
154539
43302
295402
76222
3731500
1804856
62671
55185
389885
104117
313466946
1249704
151082728
2247303
3295869
1022826
74040
2167656
216373
409863
155946
1149574
302239
1180675
55064
173016321
912197
152229
2230105
1450201
3228636
975568
1721119270
1685062
138400
1079422
124785
133767
121876
74557
2950481
3019964
2554239
195295
1362003
145774
152426
56908
1430467
1169585
2535278
139503
1513050
125596
76909
6838331
3019138
141947
43564
121997811
161438
1602916021
108393822
126391
1479278
184461
1145269
3726184
157439
1449887
150576
3328412
404467
148903
2757200
1359535
154485
6679920
3244410
1246084
192793
75573
2351738
280254
2738024
68006
1165765
85845
2096336
296961
1928217
2814058
1120575
3729343
195298
155890
2470060
30114259
2098985
153605
533709
1151627
154387
557591
166807
1312802
25869574
27496312
1121026
404200
161219
241065
115063
3320583
1171635
1357098
494043969
420220
158883
173350
1404343
2688911
2113725
444286606
332493
1354664
124570
2906094
2190539
358248
74140
154488
113759
74050
1359569
318967
538865
1999570
975778
403841
30137197
7384
2758113
2529884
1904764
144326
287205740
2692921
1141528
1276841
350579
151021679
963061
6677259
375216670
532302
3217544
278238
376544
1346319
1671133
75364
1266344
1468000
155514
1405825
1354393
2689536
1176744
2652225292
74496
155547
109657
148863
3307205
79442
136153
1332151
417526
126514
380989
3233214
168588
381064
1530463
125371
1477604
162407
145990
406293
134383
157753
567267943
145804
453045
158978
130948
3074405
25871341
3336341
44554
306525
393835
152638
153732
2676718
198402
1213691
147352
2956927
192777
166905
30113794
148678
4346376546
1170029
135596
142182
3359675
88627
27331
3357086
1629145
44071
75338
125211
2862896
30115118
1381764
1404095
124630
1550556
2084703
1291402
4631027
23443256
339026
410156
56840
148551
134134
150003
1111937
2608234
1750232
122833
1251164
5812110
2887546
2588736
149331
128151
443174
280177
2443687
255401637
180048
904671
1079422
62269
56132
57818
3422923
562958
1111937
2803566
457025
8650
2952326
122802
114357
470287322
54788
1912453
911239
146330
191740
2200322
2515984
2554066
30114696
531409608
677412019
30114861
2014459
117571
2099810
1968742
933311
1251100
3020473
62751
30114190
4103337
279420
155890
2782348
42938
1162685
532356
89047
30114405
1154546
2917255
1079085
86246
146707
1960191
192763
139111
1734929
90758
23074728
1662267
1059668
2692921
1279503
153240
835537421
1968535
139269
4353319280
1030071
142152
1059671
367806
103091
55860
844710
184409840
2660339
104650
104333
30113876
422577
1761580
192757
3087248
2825508
4869487523
1359772
1405754
145223
4353336394
4703402618
55909
1940362
381125
154495
1283313
448660
470257133
2452670
30114987
287516
76072
241086
1066266
412072
113422
41395652
3203755
1281123
153772
2963947
180043
380990
401291
146200
140029
659903
253642
1348560
869565029
131803
120757
123360
3285254
401092
52395
56016
152543
916164
2962754
184888
55667
120850
93279
158025
152698
2539242
254843
1637028
659815
910219
130972
3240384
83255
2953118
138349
86612
111769
2531635
2388357
75618
125448
572592
2955300
1767703
395203
52370
14808039
1780621
914964
1793353
1771041
168172
53394
361049
126458
358554
2701130
108082
2190539
1231485
131303
1187158
43761
1483141
3328405
1621741
149497
30115145
2256753
92957
80439
1326762432
89500
2438973
87008
166563
30232
1175458
129910
2078291
122400
86611
120256
3495557
371700505
399691
43228
280632
113009
2067278
2842410
59563
75571
3007324
147875
1722557
113078
552198
2733610
305704588
2814058
1770349
44490542
1199971
148681
3006033
3333849
56155
940029
3316590
85534
1792387
2917368
30114809
2412710
1428557
145817
296220
1842150
1176967
215693
106793
1928325
44145
1144851
302819
55726
305704566
3729343
146506
110100
43964
2713154
62418
1122560
2816901
1307487
3009396
969552
4583291
1158715
2414645
1159666
344342
1239493
1071098
76018
457020
148553
55828
2425993
2939672
2372927930
533623
2458981
80135
2109211
129543
370476571
125323
1842185
401820
157384
2961397
158997
126326
3047134
161640
105162
113137
3774959
180033
113135
488260
3333238
1963673
113045
190870
1999252
393223
2644342
898338
172207
3560336
148737
551831
2729237
252645
1137254
1197644
148027
196311
1230273
298442
103232
472114112
153672
136391
342210
30114756
55909
1331311
939922
55086
2962081
192982
114359
90769
908174
2420808
89251
402795
1444234
74829
109388
89256
104335
3899608
106211
1066644
2141214
3337358
1152554
1152555
1670929
75802
1135953
457016
1569306
80413
153496
114352
3187561
1152129
1215496
1550618
4642463209
62403
398942
131616
131013
305639493
1242255
2465165
1274165
1620629
501794639
127532
168989
44118
140026
168702410
3020527
121605
1856449
71029
1150954
26161363
74515
44600
145836
40683
1014063
2032402
532226
7421
3301368
2497864
2322522
3313654
158784
398947
150413
2167844
147008
287204187
321516867
1112950
2675270
2145734
59551
140210
2304712
3174784
2523567
55151
131017
2092425
3792880
1549133
161128
1255560
149346
3223969
440910
2958206
145500
172174
2390842
1860340
1700316
1752757
145606
1790283
55486
111528
7409
3359572
2622910
148039
3012207
42672
52395
4703444602
39513
1284869
901985
1066796
1800297
124643
7374
380050
2816597
1165697
197564
136454429
123510
1799254
391161
1266344
418066
546775
122826
125440
3346908
171967
453381
55390
81996
3663587
2427615
1448718
3023079
122405
3355695
411190
286390
3018139
2014459
122852
337509
163587
50312
3018626
135484
88823
30114987
1103196
4703444617
1403233
108652
2207883
2937793
279143
138510
1771012
4346260927
500626384
381065
358152
4545343340
1111950
141095
54762
139841
74050
1348772
1430614
1354299
660117
1166823
295063
157383
71248
215268
146688
43727
909485
152917
2951593
2247303
280195
7321165
279143
1394843
103232
89569
410178
164742
157404
552247
941553
337483
166335
148359
1140976
1877580
835537512
305222
367727552
371700504
42819
154446
287204186
137556
287107774
960304
168202
2073463
2957028
420220
53819
1984380
2739345
897984
334443
3333849
3333756
48925381
30115303
3306759
147924
3354238
935155
386582
1029017
399613
2799557
88813
284016
1154756
2961261
3018626
127156
2460495
2778914
91918
2952864
158880
168637
4703444609
149199
1438758
1404741
280390
1271329
954547
57867
140989
133147
535790
1334436
1771854
125568
30115025
1060250
1472876649
1073096525
1315209
418795
137518
1230146
3344430
54624
26482287
2155859
1151627
1255560
411353
1414369
158799
124635
2678332
111357
403812
2793217
114923
132471
145571
1156167
2703081
120288
85877
3359675
148044
1268683
128188
1066644
59097682
62591
151304
2931182
1539383
30114192
147333
3309578
3255154
1410912
3765629
2638307
149999
107423527
1780639
146836
28192666
2443546
231974114
151014
531524
1402715
6041206
552197
149229
2723260
530302
1253042
1348560
1804863
286388
125448
2216724
2622011
149352
193099
122965
1263704
1368050
154252
3061161
4353314874
375144
150949
30115114
3027886
148903
417327
1084381
1069694
1201020
122864
125616
2893622
1611174
532353
3307205
2652225342
152543
192779
379558
1169851
2614435
1825331
3331501
128206
85543
172679
964945
121511807
75628
56290
185526
2638179
1952171
1410207
939941
145145
475671582
1405780
89859
40671
57537
2972852
2458981
2259321
4730737
3010046
3006300
2953192
30114914
2622229
4353277097
242397
86679
2724049
204466183
411298
139006
297756
2139813
1567612
3513471345
279899
1527220
367222
2474156
128150
305704478
138977
124550
398235
140761
132373
393231
532313
660927
2904797
105269
87922
138883
1246084
1014436
154287
280412
1246348
544424
43684
188185
111169
1140976
1392669
54830
53293
395203
1263704
553302
162353
232873
3247462
43535
74174
91278
3349904
963192
7464
152888
403841
2758326
106469
3218955
1506532
154494
150414
3357030
2171405
86800
169037
134124
2760679
3323800
515845034
1029029
90298
157466
151935
138349
2371093
92956
2919649
1135474
3013242
1418701024
191712
1539381
2689445
403933128
44149
1414688
2252234
1187158
2947958
361750
2202174
147610
1014054
88803
2562137
2705625
902206
1664297
1178519
1157700
54864
1103196
117623
113020
145159
3154366
2614329
1734889
1078990
677412016
1341855
1216769
138057
1205281
1452090
56010
30114487
163584
114352
149995
2955194
72894
3348881
160919
1312807
52373
139095
478385
73911
132428
148550
149296
7606486
273291
153737
158822
2354197
1507007
153479
109090
939913
1108113
411577626
166754
288601
30114312
47046
3347893
1370746
1815270
54881
2146331
359397
3187764
191251613
1547300
296002
2712154
162431
3347075
2671914030
3324274
202905256
307823
1359191
1359295
6951283
1859514
87567
1949374
1197751
130460
153701
139525
288589
901985
185681
124576
3012374
1441370
2579052858
1812983
1163211
1938467958
4703402616
1060300
358772
3774662
3349381
2203250
125233
1109889
2713482
116875
172565
416062
2728562
272368
1922120
117751
387147
911434
1771563
1326762432
287940
90786
147895
2242821238
1083109
5379538
3495567
1956850
124644
2957299
280516
1441329
663358886
172170
99661654
411338
2084441
3337300
3775060
90794
184633
5815688
1370188
62649
115168
113027
400540
184433
1742162
280567
1105920
1289084
151104
3012833
1529409
2646320
120557
1225441
59056
373986
1903477
1067764
3349604
1383422
42904
2689687
835537512
406166
2453270
406574
44475
2465165
88635
1240076
541644
953170
2818690
58885
58068
1504550
125167
1206596
113058
367806
963190
536125
27336
1683703
963195
1264630
3354557
7399
56250
692947979
36966060
55660
237599
918574
334259
364087
34104680
3790869
215334
156740
216374
150546
306394548
2255881
1332795
387074
1206567
1602916021
150416
1314591
158957
1306968
122835
74569
80518
2279554
252531
2426688117
4189345
4703444611
2692156
3787052
963197
2317351
192795
453032
27558697
2317346
4351432485
2371417
2566603
4348295445
126525
2276846
2148503
2804460
55072
129543
1144851
214706
55555
131172
1265375
1322935
1720052
362658
3778611
114690
153656
3020069
301829
1822781
147173
88522
218657
2125492
151014
27310559
147977
1298100
139540
1067782
102473
953150
58583
5827798
457027
406915
44548
2069246
1569705
940575
1793139
337509
3652281
2273837
301823
157677
2757684
153118
43103
2714120
2373086
1106819
1268595
375144
146472
74088
438344
2958946
2573231
1083100
339013
252531
444286606
1480201
383651698
227227
111172
1701436
1729409
190367
1312767
138332
2206032
2416266
1216719
358252
145875
131442
45058
2725551
1260551
2768216
1468001
305639157
3187560
921599
279192
470285642
25975135
2351737
1165746
1208546
138993
1898414
116497
3087984
111172
168170
43463
151083
418187
154471
150003
27334526
270055
2269019
454716
1414369
1457060
2185077
1540519
3343248
170568
975768
305704379
73947
3787052
30432487
3009024
381065
910707
409493
2932315
269959
416184
7431
388272
1450038
2317367
1276280
912195
155493
276769
3233214
166353
1156144
83124
1231288
153701
161435
3358938
285236
2671205
1954942
168023
941601
939391
138886
2917255
3158121
2597427
345901
1206420
30114684
908174
1611041
2554239
75146
3338407
2201609
3161062
2000517
399753
131843
134107
391834
120204
65335
954547
1397898
1268502
116874
3351878
3285253
62444
190826
934992
3321012
410180
391725
1084456
44884
2574742
1467738
147890
122813
3355418
85527
1253406
145805
949522007
2755618
114686
358800
92734355
30113995
305277685
113122
359386
2340910
43088
362658
1332082
131597
56010
83957
2113725
1111165
1273019
2713466
163595
1259088
304938
30114631
1820692
1430330
1275401
2071186
113017
180042
78134
339887
131013
2673221
1958982
133960
31010602
532308
269952
1358982
3019951
2032728
79569
420467
1248156
2672434
911236
2953995
2618682
145319
1226422
71029
180025
1263650
139025
121744
3797244
1889154
2750920
2931182
2635628
2418454
122690
183746
422390
126549
147124
223181435
2713466
536207
154577
144851
2332920
1920192
1059674
114349
190328
106037
153086
88603
153366
936630
3333210
120580
147335
138980
131799
1201656
138884
144869
1411147
131770
1179644
1362148
30114323
30114259
418066
152372
92955
3290596
139540
42872
1375910
86141
402678
1279408
161203
55077
128176
84421
1395349
141973
87241
113072
1940191
1381764
152693
1268584
2436520
105278
1592549
2121672
939967
2170323
73956
2252528
279241
151336
406293
418187
55562
1191634
368786
1244735
54194
146035
74355
138513
154252
1225243
169085747
412941
190178
25871341
44884
150576
131803
115229
261657500
2738024
1700314
123713
1761581
2427809
4353323820
2427128
147931
128252
2705167
158888
392340
74149
67991
152597
2545279
3246406
933542
120534
43584
1121026
4353304997
546935
1828388
189890
1066563
140254
3320748
543178
147326
166926
27308495
4703402615
2151769
116558
43320
60083
153895
2506268
175035453
161101
147910
390134
358803
115077
3308570
166717
142860
145223
85386
3330374
126462
55875
148970
128143
939906
2456294
2458447
2429756
1362084
155536
280528
1507007
557822
108634
269932
961617
305704560
2828837
140078
26555517
2468628
56235
138939
152752
71250
55346
1002146
906654
2865045
1082278
2652225323
1073957
44799
3227132
88845
5646651
2146325
122697
3161186
154668
146574
453034
105162
280249
1270494
1820054
36996
156984
1292781
550728
88622
43716
121747
2714120
297514
109953
149348
453039
2533326
123264
74542
150496
305285125
4353400629
810217856
90758
402795
55459
109920
157320
58207
161961
167699
130439
1145825
144631
1330806
2503488
1067834
89254
3663542
1160702
30113778
77677
303427
1812644
144789
124656
216517
556939
3795658
3204234
543181
74153
42153
373837
114356
142863
1552664
44754
158392
938075
2347556
3251985
145164
2259407
152300
2690438
153667
125640
87625
2010682
2917313
2950675
2242099
2884103
1270725
900260
158791
1083146
118768
4491048
387076
131299
2931185
2273658
536794
3325757
1392495
186706
2268403
2444028
145209
74088
157424
62493
2424085
42951
1216556
2455931
85247
2594780
111338
3763647
1153009
555017
44855
145115
74585
158719
910888
1106824
2764549
85804
125211
4353384164
1292800
321516871
939343
2830258
399746
117905
2267562
958677
388271
143113
1634825
1383408
52305
185260
2930613
191210
130927
2537069583
2956538
2847413948
115136
44251
134083
903829
131885
1171122
2990453
140759
1953108
2978650
153108
2256729
214713
1772532
4610904
223646
932946
124272
228345
4353319280
87366
148696
286830
153115
1156581
399904
178338
44561
4703444619
305704363
30114959
55565
182706
241072
3010626
122683
1179322
1315209
146131
192757
30113945
184312996
3316590
3012383
44528
124557
43890
2952233
114347
2732956
116495
108661
3347849
1155339
92947
412941
3354254
2670303
145570
135795
1159758
2787499
3020472
1796694
1386972
111016
148863
74149
1761582
532011
2573231
1268570
1669820
196246
130445
3233214
145734
1236013
240090160
135450
30114288
131841
113062
280595
3250185
1176333
3008792
2950882
30114845
1669820
163577
2952826
117996387
149162
2750059
90483
90793
531460
102303
344685
70292
2713484
88589
3486449
2099811
1192497
418777
1066589
30114514
1627538
4189298057
146200
1397182
2793045
152528
1735473
151115
1188462
183201587
3017741
1375945
4103337
68296697
396703
52400
76835
47202
149806
1378841
2817291
148720
51296461
2598330
532298
4631027
124663
1066853
387496
3498160
1176746
142863
1197613
1913597
1629622
1172518
30114728
166728
357935
2014597
939342
122372
93401
152753
116871
74560
166719
139611
1997334
900260
1069729
99143480
812072
313466923
1975477
453066
120237
147944
153880
24448961
2273837
122617
677412015
1411878
3310136
2957097
420674
156972
1663791
149002
3772679
139508
128193
1211180500
1889154
153292
140022
3240056
3172807
56311
1330740
1335880
3513476360
1206581
226902
149714
1152717
57993
2074733
55186
102893
62471
215334
132445
131306
2972852
3713815561
116875
1202314
1290718
153661
3012404
309478
109752
125618
116872
152304
3247809
122867
1637045
416648
158770
3624439
1228855
184818
43806
403036
152899
1869355
168236
21063119
145965
147104
146315
2691157
2148493
305704584
29989621
152991
43188
546935
280624
55569
2690419
1189621
1055351031
195289
3159823
470260937
3764575
3352782
113627
2635606
562959
1358982
188553
1274173
116159
184521
3020426
131358
937915
969375
249420312
4353325419
417647
73999
92948
2372927930
2207892
2013055
1673982
125031
305704582
3010046
62341
1210971
87669
456788
2092425
129645
3729300
2961828
223407
4348295445
142039
72195
1842186
142703
74008
144853
145496
1982735
359496
30115252
280255
1223661
54761
249203962
1405257
940117
1465057
2554130
2652225323
3202711
111766
124148
1171733
400275
1339892
399906
87661
3320789
2657331
165471
111968
1999613
1013462
111168
2043634
150417
107079
296314
2625036
406106
36966063
163616
869508901
85939
418675
550372
150375
252477914
120177
2862866
2618763
1269641
2622011
4353321179
110008
2918021
186981
135765
30114619
3388631568
3061844
3158102
897529
2793939
30114737
313466993
3326941
132348
1795257
2904795
3294206
39230
150024
30113871
144661
139161
146668
2443772
117659
153835
1320226
168631
109754
453025
47696
1459627
2961261
3011922
56117
296314
27308737
76024
7465
1013802
4629949167
1083103
113052
30115064
3006035
279990
1230136
21557
3495545
56840
145760
126515
156435
1970824
1223665
1446311
1152642
115654203
940077
2208269186
1901725
900261
341381
106761
552250
1191832
2208036
550355
2953076
1136208
1778010
103245
125019
2634533
1347158
286389
122809
3224259
2598330
375461
74121
3729343
73986
58168
54537
306001
3334873
2915709
911277
7427
1480363
41038
178748
3008904
2620598
124272
1106287
2735174
125543
114849
2101870
2247311
288247
177066
2265848
148709
2032450
286898
2506268
454975
7376
133946
1283657
391161
1079084
361752
1419810
1308400
153035
1205282
2588736
2739546
554457
167669
56352
279178
2955194
2242915
418227
123312
913109
2722582
155496
343535
2084776
1059785
76072
155924
935076
2067731
111750
145413
1767164377
1667671370
111168
7444
402629
1140778
453055
453063
1772952
2153698
69376397
2195069
3258107
1694988
138974
2094729
1267394
122382
120714
149322
2552485
30114164
2981211
125108
1206482
146134
2221062
453054
2997654
139255
120189
102269
1539723
410180
3354996
2178008
3679338874
166925
155930
1342360
74148
78115
358538
1205463
108638
3495542
201227015
1553189
76357
56236
1712443
1513292
6038068
1459535
44879
1149451
135558
4703444599
145792
1772546
348849
2614624
1289710
3013040
2438229
398932
161554
43336
3334867
150929
318967
172198
533988
2535316
411338
1433076
111352
2960363
216373
158792
386602
107021
161086
43463
130943
54537
2117181
30114514
1332064
3728364
161840
3087977
153231
74038
156171
2248612
399663
1149451
198269
1194100
2904795
3163548
2827451
2131524
3235880
30113778
1774264
1345819
400542
363447
1129045
908232
135605
402757
127047
62719
145810
88607
23608715
43247
162798
906990
132457
149182
102867
62870
104740
1029029
125576
93401
123779
109294
1188419
145760
1350295
391716
145735
3011575
125635
192817
2086237
2598244
611562
1156846
55569
1428125
108629
3218753
106481
1340088
2413295
62372
157530
89500
1412804
1993561
1456747
373860
138196
939952
120700
2097692241
555358
111349
410491
1821439
231974108
4353314828
44475
276953318
1386979
58405
2571304
1432361
75141
1823621
1223662
2952443
122383
2425989
106026
3072152
43158
3317887
1985998
939975
154548
940147
3355418
371700505
146051
45589944
157466
139264
911942
30115295
1216367
3237812
1150940
2713154
278477461
1360062
153231
2340909
2015121
122697
104730
3355613
149182
551815
114902
2440455
4353384094
141970
3792883
2689482
977317
26621545
1412786
532308
4353319280
172058
52400
152681
148726
151839
30114338
381225
1223670
910587
1223657
393246
43087
80509
1154557
1877989
7421
2971416
3011045
2438728
21262495
3334191
146711
279279
62640
1209821
1173314
1672801
2969568
287499
4670891
20995224
1016588
2607455
1309662
1178517
1987516
3317908
2317325
454721
145209
1017414
30114830
76932
3010626
137486
2804765
172083
3347088
964519
56451
195297
1143169
55428
557463
533623
106776
1337468
1107396
2959792
106879697
1627251
169085747
1348699
1771733
76009
2460505
3152830
88915
546936
104094
1209805
2547697
1345514
1507007
3333227
113127
941577
191645
121606
3253482
30113965
162239
3247462
1269513
150003
224108
1383665
3309232
1650630003
1670982
147968
2545447
146344
240056905
2897218
1347070
1309066
142225
146612
941631
52369
2688925
54539
1672515
1424228
227231
2032332
403039
1414369
3899611
1401462
929391
2460316
1425077
1405316
470257133
3495553
30114238
2554066
414972
2008620
158791
108886
153086
185400
2589295
453065
943995
935035
74316
340756
102556
1274127
941588
223181435
151083
2764565
2918495
44613
374796
2230105
24517022
1622702
146445
145913
3237812
134591
7432
932979
1675701
68420
146214
1156112
121602
144645
1734177
43674
2958043
145156
150375
115219
1371397
415692
2306368
279238
140078
1446308
409120
162619
357933
249203962
30114416
3012412
139087
1327431
4353438824
111416
75743
1771384
3073228
44310
1405131
1913597
74020
6607308
130941
103638
42996
167602
128259
1151471
1163978
2432314
1189621
1235082
1550546
122880
3216938
198267
104915
192819
75630
111603
2416942
946159
43188
2247244
1141918
1741311
147752
1400916
43206
2820893
2465173
2947194
2006557
3246810
2956077
1795259
135808
1411877
30115269
1188419
113126
86611
1158718
31248510
3228636
164051
56401
2375172
1042900
171496
1878483
3870502
92031
3349930
85851
3304460
81040
75338
1828595
1421559
62751
2804536
7401
3691784
6474878
151679
1173293
85587
435514
239499
2074756
153618
122902
140989
147101
1530450
1271329
2423709
550123
76211
127151
5815715
1108117
3247809
78828
1476188
130140
161838
58027
940077
124557
377981
2265860
759198
1151474
2596928
3372453
145124
146411
1159673
139529
3244410
44068
3986157
1694459
2732956
128239
250255750
276958564
162571
390395
3010028
940146
88638
2390841
1400794
1216467
55157
1322935
1352295
373803
1540176
395861
153495
306394554
2947577
162406
2904795
1047206
1216558
2915664
387053
122839
2665484
1392183
1793128
2671314
3332997
14394514
30114851
3233995
126529
150416
113108
108647
1205479
386528
2671914049
910544
279240
166926
4549670214
43649
1273018
139676
214714
7230738
1067175
145159
1188507
113068
7439
153344
2614511
191664748
2105358
1328812
1285430
62405
1913120
3377982
1874873
3337531
54819
140126
2180216
121688
2593318
43379
1314591
2666909
4444908
168197
197384
29310436
42414
187397208
1323596
2609176
1777897
1553148
145804
1014009
946512
2342818
141473
2167656
2681149
1253513
381127
27513227
1164552
145596
29309898
146472
104908
146447
55564
1707906
374659
1701341
53394
30114363
106704
2742810
145286
305704561
544347
1017399
2248681
149279
2139813
1379335
2804495
416937
452482
3061826
90614
2141600
109655
357644127
8642
53422
149987
30114342
117996387
68942
131197
2965129
379541
1427770
2454523
114354
2961975
1707855
1473517
152916
2420808
151929
127537
905034
659660
274988
148006
398726
161360
2106909
1389019
2370359
358014
3163548
128140
398726
358799
2649709
1770805
2302270
1405257
76024
30114914
152604
2458468
30114829
287953
123708
92734329
125620
133770
1276973
47073
965776
2242916
154611
3246441
2132500
2247491
3020471
1291402
3228098
1375936
53422
92957
269959
111419
150388
114955
154960
2949526
1216636
153011
138304
940147
157402
305640306
1726294
30114555
108870
1223662
912095
2076861
1903477
55571
2953357
910727
27331
162138
53803
2452272
339549
4631018
111338
139508
1788637
167704
168235
1229338
246284008
1942586
2444605
532309
1180853
3486290
73999
2667257
62654
1815250
2242099
43858
1878378
3326609
124900
117886
1675701
114336
122839
58207
89054
110594
113074
107423527
3256268
2443546
2553584
1171986
130948
134054
1392482
1656678
162798
122844
2131957
3766482
3161111
4631579
138878
90724
108629
116873
1066657
536168
1255558
2793902
1084151
1673921
1775913
1188511
2989154
4703402618
141947
2955300
280633
192820
88084
86666
361195
557591
969247
402925
1270587
1376782
1858224
2884274
2247277
1404168
3382267
51701
2701130
3227565
55185
111381
1152555
2918424
946158
392883
54800920
180032
1205479
2958382
1539378
1153361
152525
122795
2847413948
536207
2546036
1664320
127096
153785
359566
543024
2097741
1246640
1529146
78931
44728
2848072
1102281755
2373401
56109
88635
2597487
224969
2011800
1898293069
294001443
85909
153501
1201150
1711291
1628502
3006405
1106275
1216921
28322
137780738
525577
1801076
2815754
391700
165479
62761
558161
76387
2442883
2720007
1550546
287088830
533709
128126
131306
104346
542784
88610
161033
1121033
25438345
1115082
3253482
3013621
1107350
85840
905540
43843
172058
104428
2536258
153714
74052
152744
2672149
241067
3006799
124654
1440895
4085749
932945
1320516
130973
123360
109687
2362670
146054
1396139
114362
3018808
136333949
358805
1334824
2398104
287107774
54864
3337300
56194
1156523
1131963
138417
147921
1076992
167796
550119
172646
153016
3899613
2937796
280495
30115245
1832843
117037
1812334
279250
2954731
303348
1067849
445970
145933
1164698
75809
86144
124650
30114896
4583376
3793529
216281
92277
398701
2622279
102523
74818
2451622
56360
2073444
148378
1106788
30115179
131393
2681763
1375039
2604468
3070202
934995
1289101
145198
1169130
114351
1076898
2968138
1163976
161359
373986
237385
53296
4703402618
1700329
131198
373174
3353923
5915931
229786
55667
532009
3322949
55869
2436520
286380
1867188
1504724
24517022
1742930
1167813
90483
131171
1793139
147945
1224838
172799
131037
54537
1794421
3087156
153127
2008620
1780632
918908
334547
74082
1085326
138891
1067789
3316004
110644
158800
389884
2809403
2145831
2145227
3320692
138524
1213691
40218
150372
78619
1084185
3495560
83090
146413
2021962
2969761
162571
30114684
3047224
2689653
139676
2995467
1431246
219518270
135410
373787
2697729
30113995
1707715
166352
7523933
1283520
339010
147883
339187
239499
3341158
1146940
1682378
939922
933174
148711
152966
157697
30114702
3012245
1003358
142703
120203
145858
2316741
361049
78588
114362
2954439
3258605
126508
416921
406106
3318012
1432977
1276280
55454
149429
386529
92955
137541
539040
534506
2538178
135592
2684132
2313766
3163195
531533
54539
274122533
2696995
145817
1772841
271975
145829
1156144
417481
1965257
1898352059
55648
43281
146138
76156
161648
1176744
152684
147907
137913
120251
3154415
3008213
305704379
1016585
1467139
124275
3012245
147142
109387
7444
1669029
152684
1420611
610902
122915
2990453
1776992
415693
30114739
80513
2535316
45144
1791319
3285255
222697
556706
30115341
1298100
112458
4353408077
1332151
150505
2529884
954172
158770
44126
80439
162138
416216
1856674
145816
1427933
145178
1376491
409480
149309
180027
1854763
2139059
114849
6667566
3301465
447597
1165746
55171
161554
2662638
74516
1376279
1290718
280295
154495
2752842
89013
448653
3013597
75811
2268219
44204
122942464
1975838
1267725
14394487
305277685
129551
2190572
7400
2634975
1647466
122370
394103
85939
2351737
3624100
2587473
55469
152916
1390169
56325
552194
2440085
56907
3495559
3324235
1553189
1202314
122844
2449429
1079422
106783
2435373
1172832
3359645
27496312
1734306
1190905
2366978
1230206
901989
69343
1530587
154253
2016289
1107345
1824937
288760
1225218
121777
1446311
958677
3254651
3495548
1346246
155481
2958206
1364208
80439
167720
1340510
2627281
2208269186
166336
145760
109930
95121673
78640
1359134
450381
195827
2915674
155551
4631579
161224
126936
2267656
76072
1150955
6426101
151003
2844750
2678332
106802
279228
114345
151103
2758326
364078
55725
938775
906647
3005198
74172
2247311
7387
30114411
915439
76222
1172436
1649023
2885416
68296697
3766485
3313654
43663
4097196
107028
1513050
44974
418185
2673492
1364244
399965
1231406
7451
1346767
2671234
70534140
1279074
1206427
417953
123435666
2367086
86538
44788
1191634
532367
2959847
1453889
2635281
3018489
1569705
74317
3258056
56401
2317323
1155956
136219
288601
1067848
2949526
192789
149296
148838
158792
103238
130914
2268219
122694
295989
2504948
55547
1540718
155547
4353304997
1812644
313466933
142236
97213
1825331
2147774
74002
2399800
363702
1359754
2638478
1223669
1248154
126551
3333247
111373
1163975
1265381
1477929
1973598
1959489
1077526
2930613
2950752
130948
388846
2273732
2307313
3354001
2438230
107276
6951285
3009719
1155339
1778010
104362
1656678
3044692
231974101
543235
153429
3019589
169021
8645
939756
11978
2090949
1135467
75127
2962146
70139
1553144
107974
161203
869508901
1457074
114380
181539
442797
287201266
1103582
80501
938075
2952481
3303138
187397205
129851
1400734
2961261
30115253
418187
192824
5812080
3501889
943909
2950484
2614557
659903
280442
344165
142271
3333143
87632
453035
1972004
912998
3063241
404110
399326
124667
358631
166322
3018691
2361047
153925
1166619
963199
2954148
1084164
1383413
3018808
1629948
6566419
120878
1812334
305704488
305704529
124127
1145295
1673886
2766608
138056
1412896
5757014
1042900
2946139
2084823
30114737
387076
363447
4103337
90290
1255159
28192666
3006765
913109
131600
168209
3652281
1748490
2474370
1014449
1404338
128152
417474
147968
446049
1346288
2248586
55667
3725121
279240
185401
2828837
3158102
27564996
398950
2066368
91049366
132490
535880
2744574
144325
1772729
73946
132471
2643865
3899615
2721274
6837723
2066778
3226262
342999
368053
1176963
1388245
104754
30113766
169861
231974105
2399784
181040
358160
1263584
2203596
123353
436012592
104664
2961747
240120731
271202
1410959
2959914
122700
1528190
138676
153725
2171347
1137178
1793228
940030
2921154
376285
280597
2414766
110597
30114259
145761
280512
1075108
135560
1103088
1774547
2181458
155535
1152131
2741642
398772
1450038
1246635
147107
74017
2497864
1794421
318967
193084
140483
240056905
59974
939928
185686
1268496
130948
1161682
3287561
165789
146614
75580
342627
145740
1615621
1400916
58583
2554130
1111143
153153
150508
1339877
2631842
30115062
155009
280437
150027
1107287
4353309595
30114291
939353
131889382
3009257
1167813
402876
1106175
197697
124661
148794
126714
124644
134188
1231749
1216448
1292772
4189345
3007853
1206421
1831206
1364208
157412
1476987
1771391
1107396
2553584
153292
2267535
1166204
153278
313466997
124907
54801
1079453
185262
2641747
374796
1543125
2829595
389890
1299572
397230310
410107
150415
1209614
1670982
449220
45173
2809879
1141565
288719
89564
1267392
184490
3007486
1330785
153497
93548
1812983
946150
934919
4346341650
2758170
153183
69974
969459
241066
62449
83962
27593232
168209
1429554
2220364
549165036
2928265
1424253
1421562
2436519
3156192
550725
2465058
140123
198258
2427626
55078
387149
166365
2127359
2531584
1700378
1453939
1634158
38344245
1269680
2238163
54784
239945
437002
1970773
516775939
200036488
1547430
152699
3791784
1402753
187397208
135576
2622255
1771739
1022046
1325514
339120
2155847
30114419
3359871
3359695
1198660
1675032
1945133
3012412
145496
1973199
1379056
139139
135559
156272
398710
3667317
306394531
2049400
139128
409367
214708
104237
152544
295402
240037510
56004
54837
113084
1160508
113044
86201
136388
42651
24517022
3236450
399606
677412015
102303
2882148
349519
152225
1672484
190911
168631
307833
140331
373885
172575
3215986
2303781424
224363
224951
1273019
1013987
391154
150003
138523
139128
155511
418082
287666
417912
910704
3009194
1872673
390947
58032
8087537
1695019
377387
2180240
192787
43978
1136133
1106399
536205
2621502
58050
113073
30114385
55712
146034
2388664
139326
87589
146313
155521
2694485
2917736
2956868
43349
2723628
1122561
93279
125461
192835
3285253
525565
404713
156104
542627
128137
146306
3648962
2434277
1248400
406991
2429024
301464
939913
77988
2458552
1429268
2897218
150545
103775
90262
2956927
146209
1605981
125440
144676
534506
123292
3323227
2540895
110537
2546036
2589237
908184
1874846
1187158
121899
2757684
1708131
4346376546
2573997
189890
78772
3257415
8652
1335802
214702
7421
2960148
128167
2651806
2178623
146011
3240919
1388317
123265
288722
911236
3018840
920007
151079
161214
195444
969359
69182
1921928
30113803
1771001
120567
3273271
3010628
2993601
231974101
1552659
117634
2317349
420086
2671205
2705262
941575
399606
124464
1107270
2710997
2193837
1156583
1674536
936631
241071
369518
76835
721604
1569305
146297
1017381
159054
93273
453043
1373323
3226257
102559
1573345
536170
117693
129471
2627491
939928
90689
195289
1330806
2274265
1869355
2032812
109388
145805
1841608
153457
1225244
1216719
3501888
162030
54786
43274
131803
1309622
2366986
110594
126514
3061758
8656
2958329
147460
145738
55662
5750005
124618
111756
1377036
140123
90259
1855099
3328405
2952117
1284879
165067
145268
2000314677
2964661
88604
124297700
552254
1216600
302635
375145
2074733
2241772
2455931
1272982
313466997
2627491
4703444609
126386
157853
1217000
150414
1799254
2956957
1014049
108640
44534
2427330
3337260
88623
387077
2646310
1160505
536464
2793216
1428801
152309
1539754
1640543
3307828
374810
155532
2308962
43158
102144
564957290
30114861
160935
1107270
1781848
2084706
2952117
188203
375461
1506424
2950867
280523
287098059
1107725
341381
43999
168245
305704575
1444234
2316596
318807
151077
1188470
410183
2439841
1403233
1419687
280627
123501
87573
131172
55081
1206596
1476987
1573343
241065
223408
1175389
1354664
416921
150573
162617
550359
231960256
53845
373558
399690
1167524
2538178
137780740
357981
3018477
2715371
138305
1674119
1230211
280554
4549670214
126515
5812071
2084823
111606
150979
1327431
121840
3333622
43872
289278186
1424252
1698501
7459
1292275
3624477
30114492
500626384
195290
29310423
1079084
3031682
367062
2587349
1700331
3011848
3251667
104362
1004427
1083102
76350
456785
1700331
150027
313467090
7376
2638307
893395213
62782
1251144
159051
80409
3333210
30114186
146614
2705368
1402747
157407
372156
357819
148028
149996
1728765
692947979
121686
305704573
3291115
43981
267762522
387047
145325
85848
149689
2661459
30114534
62652
418077
1108113
1777254
152680
389983
1175406
487287
2665643
2106909
11358
126411
3266091
2735292
225494
1194101
939353
402261
1751833
55870
417462
103775
411030
70459616
56016
413139
2084803
6951166
90769
1076369
908147
538865
898291
1346288
370329200
3359689
55464
395198
127047
1955241
1244004
1251040
381127
55896
2468232
2755619
43612
912195
438171
1175389
401288
153749
2641612
131030
395208
145497
1335686
3013037
170100
82933
131000
1079069
2763229
102533
108653
447972
305704533
1456792
442736
1450038
1747246
2918454
2074764
2989155
62634
964255
131429
1189872
1078995
2554130
124127
1483244
34024726
74150
62504
3347893
1060330
2884093
2531512
125461
2202144
2366986
55179
1274128
2206549
897529
1142056
531495
6898305
58068
277559
1106291
1274127
2618763
3325627
1985998
118479
168234
110808
1223832
289047
1374613
7463
1288755
3679867
2043906
146342
154980
1243585
29309751
399634
148970
399592
418795
44392
2815568
2780630
2622254
1582613
557737
306482
1395805
428039507
403933152
935094
1919982
2904507
162014
3359862
126782
2084823
121862
111766
1290654
1684063
3774664
4088019
3501900
146326
2949526
733759
74317
910521
2032098
1376332
3495547
71245
30114704
200036488
222105
1944643
1506774
1823294
146598
153679
185497
381127
135558
536207
1312806
44555
2635334
1669024
2105045
1894502
153565
185497
411043
1340091
106442
2757754
1256237
1273019
390558
305704484
938775
1029029
2465058
3009892
182706
1750339
69376397
4103337
540553503
147986
420216
62370
54854
1403579
536757
56908
1448718
43177
399749
157435
80473
44909
1288755
201027863
3317511
78117
4346458590
56352
122837
3495558
910544
3020473
87241
2008039
443158
399634
114362
223468
1968535
75203
152914
97213
2620598
1922120
3020545
131274
386528
2947961
280597
1424237
143124
386602
91918
30113761
1346218
398945
2961979
119557
130973
178009
30114627
1377284
152225
88831
1164459
2574452
192783
913105
2094747
4343617754
2094729
123713
1172737
152640
154485
156299
1014423
90306
103807
161648
155551
147963
140337
153500
1014054
3009839
69587534
1734911
111031
120130
1364244
2247303
939910
913008
3320501
161655
1119344
557591
2720006
155940
126391
3879784
2416942
1269641
153109
280588
269423
280605
152308
62372
419550
147945
40545
1513131
1392183
108393822
31353685
1672484
2815286
1938467958
2647388
1109202
918881
125321
42105
54881
146403
104631
104331
110587
1175569
58894
1356056
939257
1168356
3322944
2084790
104494
152902
45104
111758
7429
113127
1402747
59063
125127
113135
390186
162571
27308495
1145072
46116
334051
1152132
903230
3354996
360417
30114307
3028635
1326762432
180038
1251744
3014850
2812109
1628927045
414720
1144831
155464
1122566
1273068
153697
2247303
123730
1702527
386578
419159
287667
3489753
2652225267
53462
75139
81743
192819
1156846
122862
280209
357550
241069
2649711
373558
74555
2605231
75312
40683
508103259
133960
1004401
1153106
30113984
44134
1152720
55584
963867
228512
89257
2669920
280572
2179568
1210057
115401
152993
156434
2698742
126573
51477
132225
2438729
2931185
44766
1359191
146296
68614
1664973
145093
157221822
411030
115250
2267656
1703526
179550
1981046
370078954
127148
2961979
3775072
2673383
2427809
214396
335495
75364
2220322
3601234
2804536
1108110
1149428
88808
305704552
906641
4145201092
550372
1019713
74157
153860
149300
963192
1404740
58885
111176
241084
3489649
43850
116488
1959472
157030
974234
149203
1216604
4343667374
3287346
364077
132585
125622
92960
148771939
215268
85845
660118
2956963
172580
89843
111753
195269
5176019
2732956
132379
1771410
106220037
158311
135598
2006941
145278
3294206
122852
152298
115229
1466455
1412804
2237699956
1209821
1629622
2458551
360106
285454
134036
154488
54762
457016
162405
1245577
402876
2678074
551832
139253
124950
306428
30115263
74149
158800
1735490
55124
154605
2705262
1386454
2060252
413137
3247904
173351
3358842
403933128
567535537
146314
108638
313466942
3009868
115401
391196
387291
1298370
571804
1004427
2793045
1121755
152895
145166
148738
62599
420086
1852568
1999655
334051
121686
911961
106507
3008819
45008
3287655
386871
139558
146007
2962972
30115247
2809451
365523
1491780
34920
145153
62531
1858224
357566
418077
30114186
3338287
152747
30113686
1153361
372147
347573
532303
934996
93482
161199
357340
172684
373544
154564
53439
2618763
114907
126307
398947
1350428
3020467
1775136
166326
3008904
130948
2741711
132492
134141447
404940
1152556
379558
439073
2145623
140754
4353321179
47222
3350280
415484
3018626
29277817
392915
145789
550371
26543901
941575
120586
150337
113072
88636
2327250
6837680
55147
3187560
935156
2744571
35735
912197
148850
2615716
1246320
237691317
168246
1066956
1167513
2815286
75365
4703444620
2667594
148006
124826
79339
3012404
287499
113066
43012
3227810
1103582
86538
304934
2499742
2989158
399315
2594176
1506416
62471
7417
3357223
415673
1329603
1862102
104639
231974112
150549
30114311
4447293
53806
270051
22793
153438
30114732
160852
42527
155460
139311
2960458
117901
2958153
53296
2694916
92954
151109
137776727
2793104
1075194
456810
30114518
55454
1611051
2617353
3016700
56149
153342
148603
3327623
2668633
399586
109391
180026
30114664
371403808
142703
1111039
2956062
1429554
1273055
108083
2959874
1149378
3320692
2451374
552196
2750064
1375936
1569306
8087537
3304098
1251275
969358
3213271
321446176
30115130
2862945
132379
28217744
1016585
30114852
55725
1080402
168853
1142929
2355512
130437
1269374
1999096
1250106
55083
1246635
140529
1368050
114347
114883
939756
381172
3258115
134190
3303086
94128
1283313
30114000
2958956
402629
2415687
1960177
110450
142152
1084091
56109
114352
113095
43674
2854170
3020426
145688
966958
135409
53832
1507067
1876929
3354571
129567706
108638
2195076
122969
21335
538344
131362
150397
114373
166376
92734329
30115033
30113814
3495540
3010032
1592502
1435830
2957017
387015
369872
3204230
536125
1328812
1359694
909942
1342577
1785630
1987507
1116471
147943
62649
91925
114148
142193
1206581
3486291
280633
214702
1771467
381050
111170
76221
305704556
229685
1273067
47300
56299
88067
198770
3218921
2760679
313466923
111381
152297
1504744
85820
1014436
132330
1776915
2705655
2606665
1379947
147296
2755965
453038
4430941
113569
74315
935851
200036497
27383264
198402
102564
3019941
2712154
7108944
152513
269907
30114265
30114860
391178
2317358
1386747
1107715
1302682
178759
106814
3020790
134141448
75777
54804
144655
3173790
152908
2069246
3324197
89773
1933745
30115309
122899549
150505
3013005
1695020
1068067
2317330
1983314
1894493
241068
113060
1403940
1377071
73986
279438
1348706
117623
153883
154611
136373
306394536
2621513
1395805
376997
1999571
371700505
52373
2092350
11988
1290718
606130485
1396139
168620
1079412
131300
185301
214716
1278418
88626
538344
90742
453022
179368
1227111
553302
30115291
85877
139505
543229
2952574
168017
939913
1670874
943909
2354109
1119105
2897231
303124
2259420
910714
153436
55860
139026
125641
38344245
150961
1513298
2918485
2811327
2773443
1342814
1793353
74168
1323576
913073
1164840
139259
113075
1208545
2652652
2804778
1156846
80407
965761
2735207
135559
289233286
3160990
1106267
138503
345901
112855
3252306
2268449
240055326
1231406
3333850
141973
280441
546929
3158120
536124
2697482
156967
3652373
366402
3296588
1340513
113031
7409
2862867
550365
1600068
3411021
1161667
1401310
226710
394103
388846
6951166
1923929
1111135
2674904
2649796
938056
1435830
1540717
102269
1226307
2962754
546928
102646
153835
176885144
1744281
73979
240074382
151929
1820054
55149
2014402
910566
3249766
3327682
1050399
1067777
1172734
1328229
2424034
2013124
2773443
2615005
1283449
3006416
3030295
869609474
3348882
2429244
163575
3226102
185524
941070
2455931
1413934
1307390
306394556
184521
1448757
249203962
2614525
107024
147006
3307934
531554
108303
397010
349027
89769
142086
2536265
2080187
7168979
1540176
162423
2652225267
401963
117905
550362
1059844
233170244
1674666
387291
1281234
2652225320
139278
20975578
168647
381054
402795
400542
161640
3322949
30114245
3018840
124909
4353325419
2811327
156737
55154
62650
1375951
124622
138524
1194193
153742
2094194
406106
228340
911687
2606665
1152558
125026
2691151
222531
935852
159010
1028983
1405839
2826006
138183
253020
127052
129851
30114344
3239927
86984
2084703
2370427
240072888
30114401
161261
2371093
73980
2237007
253252
58072
158978
147977
104725
89775
54541
3486288
1019690
148074
113082
1928280
2614511
55192
2954148
1354695
1942624
189890
1225244
142221
116495
44126
145159
3015417
142860
1922197
120714
3311835
2632090
2742822
2220589
542633
146572
349043
139171
562958
3354071
131174
376309
190862
2370359
1111950
2333173
1300499
911813
1140988
271889
1022259
3356110
146411
951159
305704529
125139
30115144
141008
155523
1150941
376993
147968
52399
2307235
158851
280329
1380624
7160849
85545
152295
123543
536792
123393
161336
130072483
244081266
1780639
964028
382225
173882972
3319458
3018956
2809778
42988
4703444594
1276280
131481
104965
280622
453023
39859
163566
4189345
1504551
1169818
130445
153143
139535
93271
396466
35998895
1082276
253985
1427770
1180852
141206
306394536
1079067
1162542
1175408
940137
1667671370
3247809
907944
452477
75655
900363
2105358
27329
2170323
1722558
62145
54800918
3250832
2952759
91924
72380
1109202
1791600
1153554
151940
150548
43066
1752757
305138
147914
2444663
147074
2097692241
302248
3013621
192784
147008
1841608
1272982
225548
2952376
3713656530
1820054
125255
3667294
1859516
185336
3729247
30114164
157697
146302
120198
1121029
6838330
1206572
104346
1540519
1137178
231672
120233
2248913
534506
43872
162400
1003538
124909
4348290729
549470
447325
125215
204466183
398407
110586
1774554
898051
112855
4346571321
102561
420107
1028001
3019504
4085749
145399
2753120
74570
2859927
3772678
2106909
1235972
1267394
2847410501
1029017
155898
177066
224378
1318214
2939672
173016325
1389019
108082
2611873
2608298
349042
83818
122826
1164458
410179
544353
108652
88634
2937872
9122
2959847
2144520
552246
2860044
2952127
139617
3254628
946151
1627538
453040
110297
167682
78115
3350401
3318889
44875
153918
145259
123901
3795064
2424086
21557
56235
1374613
3879784
4346252857
2438949
3797244
56029
130432
1141865
2414926
1066473
88615
191605
1342041
3726124
152915
172059
1634158
415473
2097741
145209
2638536
129754
4097659
55480
121978
1435626
410276
453030
231974105
161016
1775054
158850
132379
1149571
2531532
2956553
113627
55828
444336
1135400
361756
3087984
2919649
147914
113057
3228254
2652225292
1112802
146614
3289820
44839
2932285
172590
89566
2606649
2713170
1164676
142857
154061
417961
2649709
222545
2994534
1405128
3359578
129851
138510
138896
416658
1140611
2632169
150368
342999
1066644
3486019
152998
135836
393223
279167
2388668
111705
130206844
403043
132349
376995
1079069
149296
280217
280173
148700
302294
2971308
109655
81996
3332439
1166394
30114262
3495549
910727
74558
165131
286516129
1550487
125619
1084089
1362274
2621967
1209805
111084
2637326
4346565729
1624675
3795064
935851
30114863
7427
123320
2201391
172058
3291826
2317362
44597
123708
417948
122781
2649289
943995
361259
3498161
1163641
3012357
1942686
168927
1266960
139792
222057
1197965
286796
70514356
1861313
74820
2313658
52372
53859
1993561
271889
2673221
148071
55179
140131
452477
110858
1775125769
56097
3318012
3774673
3347054
4353406216
900260
2196133
1761579
1188462
2415296
1491779
151097
249420312
2609539
129734
7456
305640306
380810
1141528
1640528
2761099
3077639
2684132
152518
2623104
130402
935076
2658932
3008713
1815235
151931
1413934
2709203
62496
358152
278477461
368786
2242821252
1376831
2726776
30114186
939391
240090160
147904
87567
1078993
939954
381185
3347088
1771712
113088
3772681
44490542
88930
114366
3006257
2533746
190870
1066653
1606296
55623
178338
71249
106714
611022
122832
25340549
81955
2080103
2427331
87653
44290
114377
7401
1060250
152601
2772008
305704587
3825003
1752948
2372927929
116266
531491
107276
1067175
30114656
6837681
1240509
2726676
34104771
1421363
2458552
252477911
53804
152293
2696255
1751833
398668
1335686
939975
43489
1022045
358526
3319514
30114922
1283333
185384
1267396
538380
107021
2268043
2442882
1167813
3331501
2696339
418041
1288755
122839
80225
47222
3345318
1781850
280437
3309232
1265376
2444378
129842
139201
1433708
2202162
3161299
55460
1022045
562654
939334
106797
3013594
536470
44067
173352
155945
2420494
44600
3992237
1107707
2690163
146011
147959
2804803
377155
1171635
1348698
1609825
367223
285236
1350295
147921
404197
2741642
158987
1016597
2690234
147508
89843
3312561
1187158
1453939
226967
135836
386635
178747
1550630
3819480
106484
131038
241069
2131524
372147
453025
288361
906799
1938467964
2772661
1083319
1359317
2625022
3225906
2252234
1473938
542630
1175389
149593
1240074
1777266
173372
404110
409480
1912992
1212036
43832
3326620
367816
142237
1920171
85385
3009024
147169
151109
30113766
1771712
1948194
3775063
132568
1423776
145625
168851
76271
912095
135593
54534
383902
2195034
2725668
1430324
1107425
55469
3012206
418777
1950071
938079
3354596
338948436
1947863
166379
54881
1165697
375461
102533
168852
114379
2652225270
287078257
358160
43535
2616335
906836
2120626
1364300
44957
452533
157320
141055
2415761
1180676
30113945
146477
2728590
549165036
104335
172199
2723258
147941
214665
1265379
2947958
34917
3781241
472114124
1309621
2713466
1043582
60186
941577
610899
3014836
88146
3158071
2955687
30114970
1279488
4347858678
2327258
85694
3218921
121868
3006035
2203250
24517001
30114974
3947631
442797
2952481
913067
536223
55944
74020
412941
87008
390968
1014053
4308338842
139290
153605
154888
301825
1152126
1180856
2958045
2323360
1360503
1314085
1483160
536126
138057
3819479
30114953
1658427
7413
102562
31352164
30115130
1107398
969477
2652225270
416648
1669029
1390434
286403890
201227015
536788
359496
37777
1414496
3355312
1245786
2317358
168022
2652225268
58028
146296
944495
1672417
138333
131029
1996031
2167656
448653
2072179
920040
146213
43175
913374
72020
1187383
1706936
108849
339021
1647420
139588
1996076
397158
2960976
969247
214599
1804307
2897230
279234
1631541
4145201092
357764
1335687
2709169
940118
3012719
835537493
2627491
2369444
1156584
63871
373986
54534
417910
2707116
88606
2691157
610738
30114829
154485
3007481
138057
3018213
3266325
946158
200036497
91734
273027
418263
186968
3087982
2527838
4477553
153050
2464571
1248301
2474237
900365
368053
155468
403933134
903802
305704584
344685
113031
292133466
146574
128184
3331103
2566731
3781242
153801
398966
334051
2960885
172193
1829636
369519
3336906
1674770
1227315
2563295942
121497
1999389
152541
244081506
2744989
3306759
1965553
158770
2805691
1223742
1446283
62453
31988486
453054
1067762
1433708
1506416
192734
3001265
106442
216293
71525
130430
1391851
280215
1167524
3295869
3017029
1299572
44071
2340909
2750068
2084718
1773728
131335
145501
1553309
280390
417327
2955293
396998
418082
53806
139290
2010682
1160513
544392
30115343
280280
142197
2772999
453066
117020
1392619
115032
1355581
199073
349042
155558
2371066
123009
1553189
2958206
128176
2958755
69934
375151
2661496
2388665
359480
1573444
145780
178739
3323266
131471
152543
43740
166312
185401
302696627
131174
34104913
418041
400414
30114680
1352999
44808
3017808
2522172
147352
2178623
25340549
125019
3256215
2827425
2474565
1774004
145688
154304
306394511
2960437
1376831
121604
516775939
1722558
1167802
87637
3819480
36966057
30115203
58144
62455
43172
2753001
124657
214712
153441
157470
1253407
55073
2388665
1815240
1170030
2623804
106019
121511793
1977670
445970
2442489
1801075
1165370
192818
1103196
161430
104404
74517
219083653
1469724
114172
4266962
1119076
132378
1589571
139093
2625022
939257
45173
3294991
1130811
88847
145949
470287016
147878
165476
1664745
1629622
249399679
937388
358250
78124
2182896
152538
166738
80472
74816
453450
897554
906799
156561
3819479
2845759
936634
1429268
940147
106759
130219375
158791
3010763
6951070
1243581
112858
2412710
2436521
2303956
2452642
190867
361827
123543
910707
419479
109391
85939
274988
2755619
305234
87246
153269
168606
146033
1400792
3536492
1381769
2015604
1206590
1826074
56331
903802
2718801
14394827
85588
1141620
387290
132422
62512
3255223
30114108
941632
402629
1362148
3219160
59518
145810
386482
74816
30114288
7466
4098808
3008436
58050
56235
1156144
2651806
302292
359899
8646
370131193
5175917
154401
1395126
147961
3248514
1567544
379527
1440783
1589521
127151
2811223
1360503
2538451
438171
85702
5875927
113118
1771001
2460525
35048116
2690184
2564500
375668473
119423353
1325514
1022045
400500
420041
