1.8753098 46.7995347
-99.0090672 36.8184300
10.5917075 51.1850012
14.1885945 41.7035189
142.9514467 43.4339535
93.2130200 61.3352107
-2.9459282 39.9648614
19.1954730 52.0179354
-102.3022254 62.5063365
-0.5402403 52.7954790
-49.6160669 -14.2980000
133.3619535 -26.7193232
2.3200310 48.8588100
2.3200310 48.8588100
-3.9614185 55.3670000
15.1871642 62.0924094
-0.1440551 51.4893334
8.4449473 46.8133312
10.0000000 50.9999999
79.0221873 21.7616157
5.5346073 52.2379890
14.7548063 47.6964098
34.0028598 48.2818385
4.8542695 50.5243338
-120.0251381 37.2702599
16.6055824 78.5124025
11.5280364 64.5731536
24.3030241 45.9410443
35.4495026 39.0520984
-102.2675200 23.5535730
-64.3418180 -38.4836215
-8.5607918 39.4301247
9.4580626 56.2010656
26.9899020 64.7696261
19.1356823 47.1612473
120.1998098 -2.4959297
15.9999997 2.0000003
13.3973711 52.5068829
34.6335839 31.3945739
54.1688344 32.3141414
15.5281185 49.8037838
37.3561001 55.5498750
-4.8111563 57.7475000
29.6155600 26.9182362
25.3361996 42.7257215
15.1338113 44.3665630
9.2074675 7.6671712
19.6367942 48.6726975
-72.4583539 -36.8387295
122.4831733 12.7630930
-72.7709916 4.2155060
16.3712159 48.2202097
103.9999997 56.0000002
14.6263257 46.1490345
174.1572406 -40.9587973
139.2947745 34.2255804
-76.2775464 -10.1399415
-8.1227485 53.4294999
101.8721699 3.9738696
24.0868069 -28.5794088
-77.7403035 41.1158371
-99.6829526 31.1685700
-73.8784155 40.6930727
24.1836807 55.1732889
-87.6717326 41.8334501
100.8032675 13.0388400
12.6421190 9.7789797
112.5512651 2.0100312
-65.5224418 6.6819519
-89.4513218 39.7387829
-71.4455216 42.0379283
-3.6858229 40.4777915
-10.0497810 28.6905051
11.5258083 48.1545737
-81.6209876 27.6984467
-82.7062930 40.3632525
-76.2120818 42.7480490
108.1311854 15.7868541
-80.1142033 21.5551107
66.3231668 48.0244047
103.8632309 1.3004245
9.1723562 45.4612939
2.1528144 41.3942105
42.5141497 33.2210100
12.0480277 48.9175109
14.4464592 50.0596287
14.4464592 50.0596287
14.4464592 50.0596287
21.0714155 52.2337171
21.0714155 52.2337171
0.6055387 28.1420115
38.4266844 34.8152564
120.5238804 23.7043999
120.8353631 23.5982978
19.1460728 47.4813895
19.1460728 47.4813895
65.2042241 33.9342049
-78.5039502 -1.7766850
-3.8275007 52.4320079
-55.6797990 -32.9332061
35.2229730 31.7891176
35.2119801 31.7959242
-78.2254421 38.0034150
7.8077106 8.9771774
127.7971469 35.7609714
-84.5069411 45.0034049
-64.9199924 -24.5824323
21.4198941 41.9949338
-57.5747835 -25.2861017
-57.6159596 -25.2861175
-57.6170184 -25.2853731
21.4285023 41.9954639
21.4243285 41.9996889
-57.5999120 -25.2842756
21.4141387 41.9887313
21.4290394 41.9968418
21.4234480 41.9976445
21.3971277 41.9996820
21.4185248 41.9976032
21.4172228 41.9957193
-64.1284735 -16.2819506
4.8979755 52.3745402
9.9417261 53.5672881
10.0099132 53.5437641
35.7997433 33.8706945
9.3670977 33.9949530
116.6283074 40.2514373
43.5307394 42.3211525
-94.5025085 46.4419836
-73.3212507 53.7857949
-87.1623714 49.2432514
37.4900120 -0.1392717
-86.1734510 39.7625305
150.9565088 -33.7687911
30.6146803 50.4020864
-109.0000003 51.0000002
114.1857777 22.3492361
1.5745043 41.8523093
6.0866300 49.8153400
-89.7229294 44.8979326
1.5848650 41.6922312
11.2437423 43.7806330
12.3105231 45.4046171
10.6799602 60.0518829
10.7757291 59.9723974
-120.5522652 44.1441899
24.9966273 60.1151844
-79.4197831 43.7170226
14.2408700 40.8539992
-76.3706788 38.8061569
7.6870263 45.0730633
-58.4487370 -23.4472258
5.7212943 45.3175313
33.1396402 35.1695632
-75.1394559 40.0023430
20.3795639 44.6805099
-66.9922922 10.5664887
-66.9903897 10.5487322
-66.9426787 10.5174428
-77.1969772 17.7401595
-71.0623100 42.3130289
-92.4924271 38.3039848
-73.5933032 45.5579336
-155.4268897 19.5872677
-111.6685940 34.1685390
-153.7232889 61.9328312
-86.3184702 35.8296060
34.7134388 -6.3723610
83.0959726 28.3958814
63.3907335 41.3839471
30.0711895 59.9413478
14.3836306 35.9446730
17.3033200 26.4215275
105.4252036 46.8656229
14.1385351 37.4742762
7.2744266 49.9543904
1.4344926 43.8099068
46.5973240 -18.7561349
-9.1517365 38.7436652
13.6292639 7.3688988
-86.7225265 32.5728296
-72.6630970 41.5033078
-93.1514128 41.9395129
-80.1270978 8.4522917
-90.0740919 15.7375042
-1.0840976 7.8573710
28.8465054 46.9781590
30.6836509 46.4858883
144.9631608 -37.8142177
18.7612166 -11.9314096
36.3158738 31.2776697
44.8305917 41.2177020
29.7951524 15.4537439
-0.1839979 44.2462063
-14.7653410 14.4651773
126.9395550 37.5649056
-97.2170271 35.3174398
-98.3286928 38.5217376
19.9970637 50.0469101
19.9970637 50.0469101
19.9970637 50.0469101
0.3149312 -79.4063075
4.8298765 45.7577365
-105.5494699 38.9999720
-76.9878833 38.8936612
12.3885530 51.3430912
9.6798036 45.6574855
9.0733943 48.6618927
-83.2507564 32.6779678
142.4962522 42.9903482
143.3307158 43.4603174
142.9514467 43.4339535
142.9514467 43.4339535
32.7239110 1.3769751
-91.6398803 30.9378702
2.5339474 49.6537210
2.8716221 49.6017560
-74.4344043 40.0745899
-61.0006566 -21.0002180
29.3536501 -19.0168800
-118.3299899 34.1028268
-84.7291179 37.8237735
9.1928044 48.7791957
6.9549525 50.9577031
4.2224863 47.2780872
104.7747872 12.0826840
34.8120424 -18.6278497
-85.6006143 12.8297548
-86.4726664 14.8486247
-111.5491575 39.4988746
47.2498182 15.6927249
19.1367833 42.6539357
-4.6884780 52.1322016
7.8339258 45.2618897
-6.7654416 54.6294981
-6.5634353 54.6568828
-123.1133247 49.2575648
51.2164397 25.4289526
6.1423106 46.2047169
80.7038245 7.8780000
13.7383757 51.0762894
17.0939596 -22.9744879
-116.6669567 38.5030841
47.7040090 29.3065716
-2.2441010 53.4791300
-0.7295449 17.5786747
74.9773871 41.2196872
8.8928156 44.4494531
8.5285090 47.3774434
121.9318879 31.2699895
-72.5442900 19.0639321
-72.2946028 18.9880131
138.5155999 -18.3128000
15.9674548 45.8434056
-84.4215481 33.7676720
7.4761610 43.6307134
7.4242473 43.7384402
46.9245853 5.1978036
11.3607870 44.4885788
7.4074699 48.2491764
5.4489706 43.2940881
104.6939610 18.2091444
-85.4060925 29.7742244
-85.4067047 29.7801197
41.6499424 41.6526013
23.5666666 36.9999999
25.3759631 41.6304673
24.4167000 40.2500000
116.1309565 -8.5365680
-63.3269208 -32.5747886
102.5823798 -4.0603116
4.3821814 51.2602707
25.4548381 -13.1746066
-3.2770970 55.9117426
9.4876198 54.2287872
22.7356204 52.5144565
44.3222147 24.2176209
25.9515334 48.3210724
7.7524923 48.5691026
-78.5762983 35.1704500
58.9699318 38.9630397
34.4177726 45.2106117
-100.0275380 41.5012099
98.8623332 35.7591319
-109.3433141 46.6796220
-69.2480470 45.1908055
-92.4984828 34.7509514
-82.9682393 39.9829790
-66.4132819 18.2214171
-66.2344489 18.1990856
11.3149679 50.9267221
-0.5600394 44.8634634
13.5222798 50.9280283
142.8228075 -19.2772389
-38.8568272 71.8311379
-4.5424110 37.3644648
-4.5811614 37.3399963
4.4886232 51.9277980
50.6008532 26.1239628
3.6746698 43.6542030
1.4241145 43.6007049
6.7898583 51.2384164
4.2079099 48.8730660
-0.1545536 46.1324478
23.3157714 42.7038764
-122.3570102 47.6075704
7.5531219 47.8362830
6.1851948 51.8347248
7.5675020 48.0325890
9.5208763 47.2462173
7.5854678 48.0138794
8.4797097 49.3080095
7.1475872 50.7167652
7.5665805 47.8997594
9.4864309 46.8453682
8.6620096 50.1213880
-95.4484604 29.8238401
8.2215352 44.7892297
-1.8526580 52.4948994
11.9670170 57.7072326
-73.9597223 40.7902778
-73.9570852 40.7835127
24.0137435 49.8360433
25.3221043 54.7009373
11.2130711 43.4167232
-5.9591425 37.3833176
17.1597442 48.1359085
9.0185572 50.5263736
17.1396304 48.1592459
16.9781963 51.1263106
16.9781963 51.1263106
16.9781963 51.1263106
6.1424601 48.7155740
77.2219388 28.6517178
77.1237345 28.6438635
-125.4705225 54.1388001
7.5803861 51.4269111
6.1320222 47.1425847
30.7481850 46.4584230
30.7205757 46.3904002
30.7513268 46.5543421
-123.0466412 37.7291734
-115.4654212 45.4943809
178.3674269 -17.4723213
11.5190990 -0.8920835
126.9779746 40.3180788
-115.0035543 54.4980068
76.2756227 10.4458056
9.0977538 40.0616040
9.0977538 40.0616040
20.9141829 42.5629719
1.5897262 42.5423860
-58.9398799 4.8873200
29.9706317 -1.9437001
24.3740295 46.5971622
76.0554567 19.5319319
75.2590143 18.8187949
16.9197520 52.4006521
16.9197520 52.4006521
16.9197520 52.4006521
2.2200067 42.9337695
-75.9790216 39.7852061
18.5581738 15.4665749
-73.9550231 40.6453097
-83.5864813 41.6562259
51.3479231 35.6983816
-72.7722496 43.8715007
-9.6644641 9.9331035
135.4999517 34.6614470
57.1829746 20.7505569
11.0629997 49.4360948
9.5469115 47.1594125
-89.7215692 32.5711499
79.2911410 30.0869450
-130.0000000 -45.0000001
-170.0000000 29.9999999
-81.5085022 41.0843295
75.5361285 15.0213288
-56.1898867 4.0283474
1.1029602 8.5330285
-9.7305871 6.3537424
100.8160803 13.7538929
100.4160866 13.5859218
-77.3766075 24.0950414
8.7151101 49.4057915
8.6947240 49.4093581
-99.1517011 19.3205562
12.4531575 41.9038101
-5.3484848 36.1451465
7.0971944 50.7035410
7.1006600 50.7358510
57.5971150 -20.1705000
7.2434552 43.7029719
9.9020541 17.6049362
7.5902468 47.5545076
-11.5737991 21.0199999
-79.9768138 40.4313785
24.4818352 -22.3418179
9.7728972 52.3795150
18.6282333 54.3614302
18.6282333 54.3614302
18.6282333 54.3614302
14.1594192 52.4591489
2.3100672 9.2231104
9.0684137 42.1880896
-107.5486121 43.0007715
-75.7700605 45.2494496
114.5020788 4.5517834
-82.5299183 40.7661509
-59.5334217 13.1900000
33.7760311 -13.2513043
11.5590840 51.9898568
139.3578531 35.3149965
-0.8388223 41.3854860
3.1531803 45.7100131
146.7141382 -32.8274853
2.5298853 48.6808390
-0.7639373 41.3787290
2.2323681 49.0030463
7.4206928 46.9545459
13.3107073 38.1372113
38.6311031 15.2129590
86.1186475 25.9007871
-49.0780620 -22.6326761
24.7438692 59.4250353
24.7438692 59.4250353
0.7230028 51.1963669
71.4986740 22.4134237
3.0550311 50.6311330
113.5515428 22.1741907
113.5887708 22.1480694
-88.2452047 17.1823071
-4.6246566 50.4433489
73.8215864 26.6308168
-0.2997204 39.5576724
2.4545149 50.5289690
2.7937371 50.4806465
29.9469428 -3.3896016
-2.6841474 48.1628283
12.0971262 45.7365111
-56.2347341 -34.8199565
8.9668105 52.6603083
-58.4356235 -34.6161232
-58.4356235 -34.6161232
144.7336264 13.4441380
144.7575510 13.4501257
18.4312191 43.8928862
-16.1187322 13.4429427
-88.9414982 13.7132892
55.5364585 -21.1307185
55.5282571 -21.1320149
55.5364585 -21.1307185
73.2476579 3.2817144
139.6076021 35.4527840
-5.9300992 54.5969868
36.2722660 49.9914254
120.9836586 14.5978724
90.7527620 26.0542082
5.7244234 45.1840695
-38.3203120 13.5819209
19.4783822 51.7730575
19.4783822 51.7730575
19.4783822 51.7730575
1.0852295 49.4411823
4.7931165 44.0950064
-61.0157356 14.6368275
-61.0080253 14.6521736
-61.0157356 14.6368275
-61.0157356 14.6368275
14.9143937 40.7493905
-75.4957801 39.1498760
73.8900074 15.2695999
8.8068066 53.1201578
4.2696801 52.0749455
4.2696801 52.0749455
42.7577845 11.8567754
10.9815027 45.4456576
-46.6350515 -23.5694291
146.6002610 -41.6288754
146.6724415 -42.1423597
16.6447140 39.0303507
-76.6204747 39.2847493
13.0579549 47.8028273
6.2044925 49.1045027
55.5890991 -4.2987937
139.2814637 36.0183922
13.8003938 45.6766646
146.0512418 -6.2100411
0.1391746 52.1975975
8.2576944 49.9654111
-0.2899925 43.3991141
31.4641764 -26.5158740
87.1685009 41.7564676
-105.9266117 54.4755092
-87.5342857 37.9960145
-61.4281099 16.1791816
-61.6871266 16.2304905
-61.6871266 16.2304905
-1.5372544 47.2382012
56.3634649 54.0527896
-85.1162024 41.0829965
44.8368762 41.7318836
-2.5790334 51.4709111
-2.5471116 53.8611715
53.6353476 24.3780730
-120.9375001 -0.7031070
134.8222416 34.9433450
-114.0498685 51.0253267
-97.2260737 54.4982574
28.1743633 -29.6239639
3.8783588 43.6098108
140.1892999 35.3594614
2.2585790 50.5141376
12.4992250 42.0219797
-87.3541163 41.5876590
114.0283851 22.8205515
-64.7665078 32.3213430
11.8956829 45.3984428
141.2371269 42.9853530
-93.2682178 44.9706704
88.4541364 27.6010290
32.0000000 39.0000000
-106.0451762 34.1848584
-175.1165868 -21.2460636
-53.2416322 -30.4760276
19.9999957 35.0000035
6.6953793 46.5535281
16.5826766 49.2021348
130.5974196 33.7886951
76.0446494 29.2926220
-74.1758040 4.2823405
-74.1837703 4.3624880
15.4444721 47.0732587
-86.7808617 36.1870249
5.0447345 47.3316788
-42.4331556 -13.4463967
4.0483397 49.2534078
14.5929081 53.4296828
14.5929081 53.4296828
14.5929081 53.4296828
2.9999963 55.3333373
7.4500343 51.5078207
7.4652788 51.5142273
-0.9101268 41.6915847
4.7481223 47.4655033
-42.5654753 -22.2220556
115.6723248 39.3319006
-5.6758708 7.4510402
102.2617594 30.1804499
-43.4639898 -22.9380349
-1.5422967 53.4039637
10.7253740 53.8809511
10.3304410 36.8516269
16.8215667 40.8700307
-80.8273828 35.2031470
81.5013639 20.9402479
-6.9161232 61.8489975
3.7334875 51.0837700
114.3717213 10.3663807
87.3113011 22.4138841
90.4057846 27.4745061
21.0092352 44.2110867
70.9515149 38.8590052
-172.1282078 -13.7575141
-5.3352772 36.1067469
95.4628699 19.0425565
12.6313586 54.0457121
138.5599467 35.0092189
8.4097980 49.0158525
93.8656411 24.7658245
85.1638502 23.6575726
-83.8237112 9.5773243
-81.6683537 41.4984378
-122.6198887 45.5425842
10.3574041 43.6659192
10.3851667 43.7089095
-113.5464185 53.5559028
11.1527695 44.4357731
-61.6452431 12.1910000
-25.4730853 37.8085273
23.9557768 54.8900217
5.3792408 60.3560912
10.9017756 48.3584520
-1.6813594 48.1159997
9.6857884 44.2261082
-15.5355638 11.6688305
22.3299162 60.5354051
-62.9876106 45.2571554
3.6068990 49.4532854
-78.6435106 35.8481560
-46.7164988 -23.6815905
8.4672359 49.4895910
8.5103546 49.5003678
5.1276803 52.0809516
5.0988032 52.0841923
132.4043228 34.4502430
-71.5708904 8.4813395
-71.5930586 8.5593147
-71.5781000 8.4922200
6.1117977 50.7596725
105.6755630 20.9749006
76.7705033 30.7351539
76.7705033 30.7351539
91.2628331 25.5711846
10.1444037 54.3418157
101.2673668 25.1845627
-0.3414524 51.2715315
-61.3423983 15.3970110
-1.8307877 42.6125487
-45.1852131 -18.5771281
55.2961961 25.2683521
35.0085114 32.8002476
-80.5592728 33.6256142
2.2724569 49.8987004
22.5546775 51.2181945
22.5546775 51.2181945
22.5546775 51.2181945
4.5474670 50.8306689
92.8666992 23.2376748
139.8340281 35.3028999
1.9173155 47.8733434
6.0184852 47.2603235
-1.2434094 51.0448354
-8.6251788 41.1622159
-2.9353881 43.2521707
121.5643773 25.0857181
-3.0086255 51.0768451
12.1010870 49.0215974
12.0974470 49.0178922
-1.5437941 53.7974185
7.0453424 51.4410231
21.5626682 52.2475799
4.8368285 43.9417010
91.7148491 23.7430554
121.0913794 -24.3058878
1.6347606 45.6879095
94.5557920 26.1211653
10.8222510 46.6063309
43.3965498 -11.8925000
-71.5518784 44.0013517
-0.3738586 49.1846157
44.5309121 40.1710762
10.3315243 44.7826490
144.5897986 -36.5939269
113.0813081 33.8759727
118.7458553 36.4502479
0.5793388 51.7967046
-0.6051265 44.8837459
2.4064878 49.4120545
11.6289729 52.1259230
13.0241782 52.4284127
-0.2413952 49.0907648
45.1294935 -12.8212109
45.1486261 -12.8253862
45.1486261 -12.8253862
-80.2961095 38.9198364
-5.9419201 43.3133868
2.1192723 48.8034762
-97.7136314 30.3077664
45.7661392 43.2433883
45.6985004 43.3976147
138.0966721 36.1143750
124.9973929 11.2204683
9.9260469 51.5369324
132.7751181 34.5559829
5.5932820 50.6248588
166.9346956 -0.5305000
44.9208641 56.0728373
47.9331912 56.0068150
46.6062053 56.3498737
45.4958882 50.1075417
48.1458378 52.3863798
45.6546512 50.2368290
44.9245556 49.0831229
40.8035603 57.7818218
45.5114865 50.1218448
44.9463083 56.0723618
45.3314027 49.7907086
40.3859176 57.7250113
45.3980357 50.0002346
37.4917313 56.9685608
37.3939111 56.8860872
37.4967589 57.0541107
43.3309756 56.6636253
45.7080904 50.7296701
45.1128339 56.0873650
49.7715991 53.2049170
47.9843646 55.9617046
47.9348212 46.2004208
46.2200944 51.5922080
45.0229065 56.0718107
38.4613979 57.9476646
45.0544222 49.4323038
44.9375181 49.1236340
45.2092860 49.6414909
32.5262412 57.2393583
36.0706551 56.7980161
36.3230024 56.7856671
45.1237410 49.5282182
39.7765169 57.7564167
37.4411059 56.8808722
37.4859285 56.9330492
45.7045369 50.2730693
37.7208481 57.2567262
34.9754141 56.5693391
46.1008378 48.2115291
44.9620890 49.1872115
44.9823742 49.2504688
34.1433782 56.2977561
34.9397487 56.4786942
45.0309225 49.3833085
45.0045019 49.2999727
45.8126002 50.5214930
43.6174107 56.5000214
35.0864511 56.5586617
45.0859380 48.4713477
45.8951786 50.4381913
45.8153971 50.3165686
45.8913056 50.4004757
45.3263785 56.1037877
34.8619013 56.3717658
36.7440916 56.7513764
37.3626321 56.8561888
49.9607296 53.4416172
33.3673253 56.8524392
47.7322576 56.1258751
41.5096254 57.4651165
38.7964215 58.0692000
39.2432021 57.9865372
35.9755611 56.8475310
39.1162644 58.0297204
45.4407114 50.0530729
44.8767166 49.0413860
47.8745183 46.0657920
39.1791286 58.0121892
35.4736923 56.7310749
44.6651370 48.8130672
48.4639792 54.1975847
34.5746486 56.1916582
33.7924126 56.6525776
47.5185351 56.1324683
35.6795635 56.8386819
39.8949290 57.6401596
34.9413722 56.5097148
48.8703650 55.7865050
35.7945549 56.8497805
35.8992333 56.8649666
44.7149500 48.9004421
33.8964228 56.3719187
47.9288058 56.0573957
37.7365972 57.2747818
44.6920398 48.9421126
42.9923269 57.3608167
44.6926328 48.5213876
44.5891927 48.7439821
39.9462344 57.5719119
44.6158662 48.7511371
44.5667744 48.7386396
44.4780775 48.6633249
34.4316289 56.2293277
44.5544156 48.7233067
49.0868302 53.4826905
44.3044108 56.1687652
36.0128518 56.8108628
38.0360074 57.3523823
35.9382789 56.8565580
35.8589599 56.8635529
34.8027733 56.2472136
37.6843331 57.2073930
40.1123154 57.5610773
39.3145221 57.9567973
48.5215220 53.1265971
39.7596126 57.7884538
39.9047621 57.6285513
45.2597049 49.7026944
39.5310643 57.8795299
34.3174241 56.2580392
33.9718733 56.4779491
47.6746195 52.0071140
33.9990691 56.5153087
39.8173011 57.6965239
33.8891229 56.4540087
47.3247635 56.1511617
45.3902882 49.9897256
49.2970649 55.1237853
49.2793868 53.1742648
45.3779523 49.9631495
48.8932879 54.9496471
37.1822936 56.7521710
45.5680798 50.1706378
45.6326996 50.2206081
39.8807294 57.6527448
45.7309339 56.1449761
37.2870197 56.8183344
47.4659444 56.1377766
47.4294888 56.1426071
37.6281019 57.1242062
47.9307669 46.2450672
45.2975836 49.7449841
47.7783601 52.0567895
45.4856777 50.0981769
35.2149283 56.6143350
39.4244211 57.9299654
38.6526780 58.1287452
32.6742250 56.9747551
39.0167951 58.0317572
39.6501027 57.7982613
47.6281843 45.8679641
47.5126252 47.0085202
45.3432046 49.8618226
34.9186076 56.5268962
43.4328490 56.6485689
5.6343824 45.2897931
18.0000000 56.0000000
9.9434804 49.7780355
3.0839934 45.7715342
11.3237107 43.3080105
130.2860775 32.6331584
131.1009036 32.4820915
131.1105740 32.7553476
19.0058877 50.2137320
19.0058877 50.2137320
19.0058877 50.2137320
118.2953958 25.7837533
-1.1695572 52.9537684
138.5998990 -34.9274285
6.1811503 48.6880665
13.8539081 42.2888549
9.4552843 51.3071473
-0.6148909 43.3878805
7.6133016 51.9501316
72.5381449 11.4980230
72.6406390 10.5656850
120.0388332 33.0681613
78.5284592 10.6909053
3.2198837 51.2601278
-84.5134632 39.1366115
4.3754338 50.8385339
0.6321257 45.1429198
11.6557802 44.8055358
10.2307723 45.5353315
135.2718661 35.4278709
135.4546010 35.2425520
76.9183519 43.2198425
173.6648340 0.3059999
23.9201984 61.6311584
-66.7501831 46.5002829
-66.1296191 46.3208417
138.7164961 37.8168830
0.9652026 49.0756358
-0.0978552 51.8400523
-120.6959452 47.2746376
39.8270872 21.4209763
134.4959380 7.3235000
75.6470415 31.0632142
113.5330507 23.2258902
120.3395163 29.0201431
17.6411200 59.8594125
-117.1521440 32.8246631
14.3016253 48.2950643
12.1714750 44.4207935
-157.8466442 21.3250785
51.4996674 25.3014957
0.9400944 49.6632374
115.8604796 -31.9527121
-0.1895941 53.1282968
9.6680182 45.6936773
-97.1753895 49.8510978
-0.5470265 47.4818351
-37.7861224 -8.3750328
-2.9420969 54.6143136
23.1470508 53.1275050
23.1470508 53.1275050
23.1470508 53.1275050
49.1902944 55.7604192
49.1902944 55.7604192
10.5252910 52.2640650
10.5203138 52.2716564
179.1582918 -8.6405213
-69.9804237 12.5429999
127.5421813 26.5892096
-71.4627805 41.6009068
1.8871376 48.7620373
-4.7259190 41.6198580
-104.9548164 39.7647134
3.3552830 43.5914423
78.1452985 29.9384473
5.9870383 48.9559682
69.2535391 41.2839745
1.8697481 50.9518550
-61.1554272 10.7272275
4.4811088 52.1518156
3.1060588 45.7870588
4.4811088 52.1518156
125.9886923 -8.8778068
5.2847803 46.0655133
47.1332223 43.0574916
47.1487582 43.0890238
141.2350696 38.3881050
6.6682651 49.7780330
6.6441878 49.7596208
10.8883201 44.6446043
16.8768082 41.0929641
-4.0440303 48.2452997
18.0293696 53.1297462
18.0293696 53.1297462
18.0293696 53.1297462
-12.0823700 8.3774515
8.2540539 50.0725995
3.6450439 47.8551257
10.8016366 45.1442445
-3.6607959 50.7241650
11.3290855 50.9802813
11.3298397 50.9769990
-97.3872170 37.6853439
-4.2636327 43.1358370
-4.2636327 43.1358370
-4.0878382 43.1595664
2.7746942 50.2891131
7.5338186 48.5991783
-2.5812023 49.4622912
8.6649051 49.8741846
8.6511770 49.8727750
-89.9750055 30.0328017
-4.7471726 41.8037172
-4.0793508 41.6604829
32.0471812 54.7789700
32.0471812 54.7789700
6.5380351 49.0207259
1.0260549 49.3711269
112.4576871 37.6654554
118.7385331 31.9231561
137.0624744 35.7993990
112.8772519 31.1568628
111.9999999 31.0000000
4.5585548 46.6557086
-82.8513329 9.6219908
-82.6887036 9.5355683
140.3984325 36.3420485
117.1588488 32.0244789
0.9716791 43.3054546
77.9931330 29.9048546
-0.7212876 45.7302267
52.7618344 57.1982875
-2.7505869 48.4584221
3.0417016 48.6191861
112.0095380 27.9995878
111.3561421 27.3849288
13.2545182 43.3292168
133.7037385 35.0030051
133.8474295 34.8023720
5.2044369 44.7296457
133.4457866 33.5079677
133.3718885 33.5608736
0.4101019 43.6955276
0.3679823 46.5845278
-5.9729339 39.2139123
-6.1529891 39.1748426
109.5647156 35.6381144
142.0735247 -5.5227500
2.5124714 43.0542732
11.0268028 50.9855808
-100.2538852 44.2193741
122.3256739 40.9757026
122.9955469 40.9975197
159.1071097 -8.7053941
-16.9817518 32.7517500
140.2633877 37.3665245
-2.8516865 43.2383969
-2.5148432 12.5984178
-1.2454371 49.0918952
78.9398699 30.9943683
15.1666664 47.2500001
14.9743403 47.2200161
70.1381972 30.3119120
4.3986524 44.8151940
0.6847656 47.3944426
0.0973050 45.6667902
-2.1256000 49.2123065
-2.1926160 49.1245833
-5.6932637 40.9538347
-1.0815361 53.9590554
136.3925306 -32.1371209
1.0466542 52.2411558
-87.9312272 43.0580291
102.8986676 37.7024508
-0.3909098 47.3886304
2.3738589 49.9689714
19.9766606 45.4101226
-4.4422006 36.7647912
17.3139797 52.3798982
-0.2995334 46.5391400
135.5457338 34.6956119
128.9893654 35.0641474
6.7595620 51.4349989
6.7420724 51.4462017
1.3998820 48.4474102
-21.7681063 64.2444267
-39.3573624 -5.2168482
2.8804305 39.6134017
